s (1,1) 93
s (2,1) 68
s (3,1) 2
s (4,1) 89
s (5,1) 64
(1,1) (1,2) 52
(2,1) (2,2) 67
(3,1) (3,2) 71
(4,1) (4,2) 60
(5,1) (5,2) 7
(1,2) (1,3) 87
(2,2) (2,3) 54
(3,2) (3,3) 31
(4,2) (4,3) 24
(5,2) (5,3) 50
(1,3) (1,4) 5
(2,3) (2,4) 23
(3,3) (3,4) 27
(4,3) (4,4) 63
(5,3) (5,4) 18
(1,4) (1,5) 43
(2,4) (2,5) 86
(3,4) (3,5) 86
(4,4) (4,5) 99
(5,4) (5,5) 95
(1,5) (1,6) 13
(2,5) (2,6) 91
(3,5) (3,6) 62
(4,5) (4,6) 79
(5,5) (5,6) 68
(1,6) (1,7) 72
(2,6) (2,7) 93
(3,6) (3,7) 29
(4,6) (4,7) 56
(5,6) (5,7) 75
(1,7) (1,8) 53
(2,7) (2,8) 44
(3,7) (3,8) 38
(4,7) (4,8) 19
(5,7) (5,8) 2
(1,8) (1,9) 100
(2,8) (2,9) 75
(3,8) (3,9) 54
(4,8) (4,9) 16
(5,8) (5,9) 67
(1,9) (1,10) 18
(2,9) (2,10) 68
(3,9) (3,10) 58
(4,9) (4,10) 65
(5,9) (5,10) 1
(1,1) (2,1) 78
(2,1) (1,1) 40
(2,1) (3,1) 54
(3,1) (2,1) 16
(3,1) (4,1) 93
(4,1) (3,1) 17
(4,1) (5,1) 65
(5,1) (4,1) 88
(1,2) (2,2) 46
(2,2) (1,2) 67
(2,2) (3,2) 77
(3,2) (2,2) 66
(3,2) (4,2) 4
(4,2) (3,2) 9
(4,2) (5,2) 63
(5,2) (4,2) 92
(1,3) (2,3) 97
(2,3) (1,3) 42
(2,3) (3,3) 74
(3,3) (2,3) 69
(3,3) (4,3) 87
(4,3) (3,3) 36
(4,3) (5,3) 89
(5,3) (4,3) 22
(1,4) (2,4) 70
(2,4) (1,4) 33
(2,4) (3,4) 75
(3,4) (2,4) 6
(3,4) (4,4) 70
(4,4) (3,4) 91
(4,4) (5,4) 57
(5,4) (4,4) 34
(1,5) (2,5) 92
(2,5) (1,5) 75
(2,5) (3,5) 51
(3,5) (2,5) 34
(3,5) (4,5) 82
(4,5) (3,5) 71
(4,5) (5,5) 41
(5,5) (4,5) 11
(1,6) (2,6) 21
(2,6) (1,6) 52
(2,6) (3,6) 71
(3,6) (2,6) 53
(3,6) (4,6) 14
(4,6) (3,6) 83
(4,6) (5,6) 48
(5,6) (4,6) 14
(1,7) (2,7) 1
(2,7) (1,7) 82
(2,7) (3,7) 9
(3,7) (2,7) 66
(3,7) (4,7) 26
(4,7) (3,7) 100
(4,7) (5,7) 37
(5,7) (4,7) 18
(1,8) (2,8) 17
(2,8) (1,8) 49
(2,8) (3,8) 84
(3,8) (2,8) 96
(3,8) (4,8) 46
(4,8) (3,8) 67
(4,8) (5,8) 29
(5,8) (4,8) 1
(1,9) (2,9) 2
(2,9) (1,9) 37
(2,9) (3,9) 73
(3,9) (2,9) 66
(3,9) (4,9) 57
(4,9) (3,9) 94
(4,9) (5,9) 51
(5,9) (4,9) 61
(1,10) (2,10) 85
(2,10) (1,10) 75
(2,10) (3,10) 77
(3,10) (2,10) 64
(3,10) (4,10) 15
(4,10) (3,10) 83
(4,10) (5,10) 29
(5,10) (4,10) 88
(1,10) t 2
(2,10) t 24
(3,10) t 33
(4,10) t 15
(5,10) t 41
