s (1,1) 38
s (2,1) 54
s (3,1) 26
s (4,1) 8
s (5,1) 36
s (6,1) 52
s (7,1) 36
s (8,1) 53
(1,1) (1,2) 1
(2,1) (2,2) 74
(3,1) (3,2) 90
(4,1) (4,2) 54
(5,1) (5,2) 18
(6,1) (6,2) 78
(7,1) (7,2) 46
(8,1) (8,2) 71
(1,2) (1,3) 67
(2,2) (2,3) 34
(3,2) (3,3) 20
(4,2) (4,3) 66
(5,2) (5,3) 73
(6,2) (6,3) 4
(7,2) (7,3) 9
(8,2) (8,3) 28
(1,3) (1,4) 85
(2,3) (2,4) 78
(3,3) (3,4) 8
(4,3) (4,4) 67
(5,3) (5,4) 71
(6,3) (6,4) 91
(7,3) (7,4) 92
(8,3) (8,4) 33
(1,4) (1,5) 36
(2,4) (2,5) 14
(3,4) (3,5) 94
(4,4) (4,5) 59
(5,4) (5,5) 93
(6,4) (6,5) 45
(7,4) (7,5) 40
(8,4) (8,5) 49
(1,5) (1,6) 70
(2,5) (2,6) 23
(3,5) (3,6) 84
(4,5) (4,6) 25
(5,5) (5,6) 86
(6,5) (6,6) 62
(7,5) (7,6) 33
(8,5) (8,6) 15
(1,6) (1,7) 97
(2,6) (2,7) 11
(3,6) (3,7) 56
(4,6) (4,7) 67
(5,6) (5,7) 13
(6,6) (6,7) 16
(7,6) (7,7) 74
(8,6) (8,7) 87
(1,7) (1,8) 5
(2,7) (2,8) 92
(3,7) (3,8) 48
(4,7) (4,8) 68
(5,7) (5,8) 42
(6,7) (6,8) 71
(7,7) (7,8) 83
(8,7) (8,8) 57
(1,8) (1,9) 11
(2,8) (2,9) 1
(3,8) (3,9) 86
(4,8) (4,9) 11
(5,8) (5,9) 15
(6,8) (6,9) 9
(7,8) (7,9) 39
(8,8) (8,9) 75
(1,9) (1,10) 2
(2,9) (2,10) 16
(3,9) (3,10) 96
(4,9) (4,10) 14
(5,9) (5,10) 100
(6,9) (6,10) 80
(7,9) (7,10) 100
(8,9) (8,10) 94
(1,10) (1,11) 80
(2,10) (2,11) 86
(3,10) (3,11) 37
(4,10) (4,11) 63
(5,10) (5,11) 44
(6,10) (6,11) 34
(7,10) (7,11) 59
(8,10) (8,11) 49
(1,11) (1,12) 47
(2,11) (2,12) 65
(3,11) (3,12) 67
(4,11) (4,12) 54
(5,11) (5,12) 32
(6,11) (6,12) 71
(7,11) (7,12) 78
(8,11) (8,12) 16
(1,12) (1,13) 13
(2,12) (2,13) 5
(3,12) (3,13) 35
(4,12) (4,13) 44
(5,12) (5,13) 76
(6,12) (6,13) 86
(7,12) (7,13) 100
(8,12) (8,13) 18
(1,13) (1,14) 77
(2,13) (2,14) 34
(3,13) (3,14) 68
(4,13) (4,14) 61
(5,13) (5,14) 67
(6,13) (6,14) 74
(7,13) (7,14) 62
(8,13) (8,14) 43
(1,14) (1,15) 14
(2,14) (2,15) 99
(3,14) (3,15) 97
(4,14) (4,15) 10
(5,14) (5,15) 78
(6,14) (6,15) 19
(7,14) (7,15) 89
(8,14) (8,15) 99
(1,15) (1,16) 77
(2,15) (2,16) 53
(3,15) (3,16) 37
(4,15) (4,16) 68
(5,15) (5,16) 13
(6,15) (6,16) 46
(7,15) (7,16) 36
(8,15) (8,16) 92
(1,16) (1,17) 52
(2,16) (2,17) 96
(3,16) (3,17) 55
(4,16) (4,17) 90
(5,16) (5,17) 6
(6,16) (6,17) 20
(7,16) (7,17) 84
(8,16) (8,17) 51
(1,17) (1,18) 95
(2,17) (2,18) 68
(3,17) (3,18) 21
(4,17) (4,18) 18
(5,17) (5,18) 27
(6,17) (6,18) 14
(7,17) (7,18) 32
(8,17) (8,18) 27
(1,18) (1,19) 8
(2,18) (2,19) 81
(3,18) (3,19) 55
(4,18) (4,19) 41
(5,18) (5,19) 65
(6,18) (6,19) 46
(7,18) (7,19) 16
(8,18) (8,19) 56
(1,19) (1,20) 20
(2,19) (2,20) 32
(3,19) (3,20) 63
(4,19) (4,20) 41
(5,19) (5,20) 25
(6,19) (6,20) 32
(7,19) (7,20) 87
(8,19) (8,20) 57
(1,1) (2,1) 10
(2,1) (1,1) 83
(2,1) (3,1) 79
(3,1) (2,1) 2
(3,1) (4,1) 33
(4,1) (3,1) 69
(4,1) (5,1) 11
(5,1) (4,1) 74
(5,1) (6,1) 16
(6,1) (5,1) 32
(6,1) (7,1) 40
(7,1) (6,1) 65
(7,1) (8,1) 29
(8,1) (7,1) 60
(1,2) (2,2) 13
(2,2) (1,2) 34
(2,2) (3,2) 13
(3,2) (2,2) 17
(3,2) (4,2) 91
(4,2) (3,2) 66
(4,2) (5,2) 20
(5,2) (4,2) 71
(5,2) (6,2) 100
(6,2) (5,2) 17
(6,2) (7,2) 68
(7,2) (6,2) 33
(7,2) (8,2) 60
(8,2) (7,2) 51
(1,3) (2,3) 5
(2,3) (1,3) 22
(2,3) (3,3) 88
(3,3) (2,3) 6
(3,3) (4,3) 49
(4,3) (3,3) 49
(4,3) (5,3) 8
(5,3) (4,3) 46
(5,3) (6,3) 28
(6,3) (5,3) 19
(6,3) (7,3) 60
(7,3) (6,3) 62
(7,3) (8,3) 28
(8,3) (7,3) 92
(1,4) (2,4) 92
(2,4) (1,4) 79
(2,4) (3,4) 92
(3,4) (2,4) 18
(3,4) (4,4) 66
(4,4) (3,4) 3
(4,4) (5,4) 87
(5,4) (4,4) 59
(5,4) (6,4) 73
(6,4) (5,4) 38
(6,4) (7,4) 16
(7,4) (6,4) 19
(7,4) (8,4) 64
(8,4) (7,4) 85
(1,5) (2,5) 45
(2,5) (1,5) 85
(2,5) (3,5) 32
(3,5) (2,5) 5
(3,5) (4,5) 69
(4,5) (3,5) 94
(4,5) (5,5) 26
(5,5) (4,5) 96
(5,5) (6,5) 82
(6,5) (5,5) 76
(6,5) (7,5) 5
(7,5) (6,5) 91
(7,5) (8,5) 7
(8,5) (7,5) 62
(1,6) (2,6) 32
(2,6) (1,6) 79
(2,6) (3,6) 23
(3,6) (2,6) 21
(3,6) (4,6) 53
(4,6) (3,6) 30
(4,6) (5,6) 49
(5,6) (4,6) 62
(5,6) (6,6) 35
(6,6) (5,6) 58
(6,6) (7,6) 69
(7,6) (6,6) 31
(7,6) (8,6) 30
(8,6) (7,6) 98
(1,7) (2,7) 7
(2,7) (1,7) 8
(2,7) (3,7) 53
(3,7) (2,7) 1
(3,7) (4,7) 66
(4,7) (3,7) 64
(4,7) (5,7) 27
(5,7) (4,7) 50
(5,7) (6,7) 79
(6,7) (5,7) 74
(6,7) (7,7) 18
(7,7) (6,7) 26
(7,7) (8,7) 1
(8,7) (7,7) 70
(1,8) (2,8) 2
(2,8) (1,8) 14
(2,8) (3,8) 7
(3,8) (2,8) 8
(3,8) (4,8) 55
(4,8) (3,8) 42
(4,8) (5,8) 85
(5,8) (4,8) 67
(5,8) (6,8) 51
(6,8) (5,8) 27
(6,8) (7,8) 11
(7,8) (6,8) 19
(7,8) (8,8) 3
(8,8) (7,8) 24
(1,9) (2,9) 70
(2,9) (1,9) 5
(2,9) (3,9) 64
(3,9) (2,9) 20
(3,9) (4,9) 81
(4,9) (3,9) 93
(4,9) (5,9) 46
(5,9) (4,9) 76
(5,9) (6,9) 45
(6,9) (5,9) 6
(6,9) (7,9) 57
(7,9) (6,9) 72
(7,9) (8,9) 66
(8,9) (7,9) 78
(1,10) (2,10) 4
(2,10) (1,10) 29
(2,10) (3,10) 22
(3,10) (2,10) 52
(3,10) (4,10) 35
(4,10) (3,10) 53
(4,10) (5,10) 91
(5,10) (4,10) 43
(5,10) (6,10) 36
(6,10) (5,10) 11
(6,10) (7,10) 94
(7,10) (6,10) 33
(7,10) (8,10) 66
(8,10) (7,10) 98
(1,11) (2,11) 70
(2,11) (1,11) 86
(2,11) (3,11) 39
(3,11) (2,11) 37
(3,11) (4,11) 56
(4,11) (3,11) 44
(4,11) (5,11) 77
(5,11) (4,11) 50
(5,11) (6,11) 93
(6,11) (5,11) 51
(6,11) (7,11) 8
(7,11) (6,11) 71
(7,11) (8,11) 65
(8,11) (7,11) 62
(1,12) (2,12) 10
(2,12) (1,12) 54
(2,12) (3,12) 63
(3,12) (2,12) 84
(3,12) (4,12) 80
(4,12) (3,12) 81
(4,12) (5,12) 57
(5,12) (4,12) 58
(5,12) (6,12) 12
(6,12) (5,12) 86
(6,12) (7,12) 20
(7,12) (6,12) 10
(7,12) (8,12) 76
(8,12) (7,12) 73
(1,13) (2,13) 49
(2,13) (1,13) 53
(2,13) (3,13) 63
(3,13) (2,13) 60
(3,13) (4,13) 27
(4,13) (3,13) 73
(4,13) (5,13) 67
(5,13) (4,13) 40
(5,13) (6,13) 17
(6,13) (5,13) 85
(6,13) (7,13) 20
(7,13) (6,13) 54
(7,13) (8,13) 11
(8,13) (7,13) 20
(1,14) (2,14) 19
(2,14) (1,14) 13
(2,14) (3,14) 89
(3,14) (2,14) 77
(3,14) (4,14) 75
(4,14) (3,14) 64
(4,14) (5,14) 24
(5,14) (4,14) 58
(5,14) (6,14) 25
(6,14) (5,14) 36
(6,14) (7,14) 38
(7,14) (6,14) 59
(7,14) (8,14) 46
(8,14) (7,14) 35
(1,15) (2,15) 1
(2,15) (1,15) 61
(2,15) (3,15) 63
(3,15) (2,15) 8
(3,15) (4,15) 40
(4,15) (3,15) 93
(4,15) (5,15) 64
(5,15) (4,15) 23
(5,15) (6,15) 41
(6,15) (5,15) 99
(6,15) (7,15) 63
(7,15) (6,15) 98
(7,15) (8,15) 39
(8,15) (7,15) 36
(1,16) (2,16) 1
(2,16) (1,16) 37
(2,16) (3,16) 52
(3,16) (2,16) 7
(3,16) (4,16) 42
(4,16) (3,16) 39
(4,16) (5,16) 79
(5,16) (4,16) 7
(5,16) (6,16) 58
(6,16) (5,16) 42
(6,16) (7,16) 93
(7,16) (6,16) 35
(7,16) (8,16) 19
(8,16) (7,16) 57
(1,17) (2,17) 1
(2,17) (1,17) 41
(2,17) (3,17) 63
(3,17) (2,17) 26
(3,17) (4,17) 6
(4,17) (3,17) 65
(4,17) (5,17) 32
(5,17) (4,17) 98
(5,17) (6,17) 45
(6,17) (5,17) 66
(6,17) (7,17) 23
(7,17) (6,17) 52
(7,17) (8,17) 25
(8,17) (7,17) 81
(1,18) (2,18) 54
(2,18) (1,18) 62
(2,18) (3,18) 16
(3,18) (2,18) 5
(3,18) (4,18) 48
(4,18) (3,18) 32
(4,18) (5,18) 99
(5,18) (4,18) 68
(5,18) (6,18) 35
(6,18) (5,18) 1
(6,18) (7,18) 53
(7,18) (6,18) 56
(7,18) (8,18) 69
(8,18) (7,18) 24
(1,19) (2,19) 88
(2,19) (1,19) 68
(2,19) (3,19) 72
(3,19) (2,19) 2
(3,19) (4,19) 70
(4,19) (3,19) 34
(4,19) (5,19) 97
(5,19) (4,19) 5
(5,19) (6,19) 12
(6,19) (5,19) 88
(6,19) (7,19) 76
(7,19) (6,19) 52
(7,19) (8,19) 37
(8,19) (7,19) 39
(1,20) (2,20) 15
(2,20) (1,20) 40
(2,20) (3,20) 50
(3,20) (2,20) 32
(3,20) (4,20) 8
(4,20) (3,20) 73
(4,20) (5,20) 9
(5,20) (4,20) 35
(5,20) (6,20) 53
(6,20) (5,20) 10
(6,20) (7,20) 72
(7,20) (6,20) 31
(7,20) (8,20) 91
(8,20) (7,20) 54
(1,20) t 64
(2,20) t 20
(3,20) t 83
(4,20) t 34
(5,20) t 28
(6,20) t 79
(7,20) t 50
(8,20) t 63
