s 3 13
s 4 19
s 6 19
s 8 11
s 9 11
s 10 19
s 11 13
s 13 11
s 14 16
s 17 11
s 19 10
s 21 12
s 22 16
s 23 18
s 24 18
s 25 14
s 26 19
s 28 16
s 29 14
s 31 13
s 32 15
s 33 16
s 35 16
s 37 13
s 38 10
s 39 10
s 40 19
s 41 20
s 42 13
s 43 15
s 44 17
s 46 14
s 49 16
s 50 19
s 51 10
s 52 20
s 53 18
s 54 18
s 55 11
s 56 15
s 57 17
s 58 20
s 60 10
s 63 18
s 64 15
s 65 20
s 72 12
s 74 14
s 75 16
s 76 20
s 77 12
s 78 16
s 79 14
s 80 18
s 81 19
s 85 20
s 87 12
s 88 12
s 90 15
s 92 14
s 93 19
s 94 15
s 96 16
s 97 16
s 98 10
s 99 16
1 2 14
1 3 10
1 4 16
1 7 15
1 8 11
1 10 11
1 11 13
1 12 13
1 13 13
1 14 14
1 15 12
1 17 12
1 18 19
1 19 15
1 20 12
1 24 15
1 26 16
1 27 14
1 31 15
1 33 10
1 34 20
1 36 13
1 37 16
1 38 13
1 39 19
1 40 19
1 41 13
1 43 10
1 44 12
1 45 15
1 46 18
1 47 10
1 48 17
1 49 11
1 50 12
1 51 14
1 53 14
1 54 18
1 55 14
1 56 14
1 57 19
1 59 12
1 63 11
1 65 11
1 66 15
1 67 10
1 68 13
1 69 10
1 70 11
1 71 17
1 72 12
1 74 15
1 75 16
1 76 10
1 77 15
1 78 18
1 79 13
1 80 20
1 82 20
1 83 18
1 86 12
1 91 14
1 93 18
1 95 20
1 96 14
1 97 20
2 1 14
2 3 19
2 4 14
2 6 17
2 7 10
2 8 12
2 9 10
2 10 11
2 12 12
2 13 15
2 15 15
2 16 13
2 18 13
2 19 20
2 23 10
2 24 18
2 27 14
2 28 10
2 29 18
2 30 19
2 31 16
2 33 17
2 34 11
2 35 11
2 36 14
2 37 13
2 39 10
2 41 19
2 44 18
2 45 20
2 46 10
2 47 17
2 48 13
2 49 14
2 50 16
2 53 12
2 54 12
2 57 18
2 58 17
2 59 20
2 60 10
2 61 11
2 62 10
2 64 13
2 65 11
2 66 17
2 68 14
2 70 18
2 71 10
2 72 16
2 73 14
2 74 10
2 76 15
2 78 16
2 79 19
2 80 14
2 81 13
2 82 15
2 84 15
2 85 11
2 86 12
2 87 13
2 89 18
2 90 17
2 92 12
2 93 16
2 95 13
2 96 11
2 97 14
2 98 16
2 99 13
3 1 10
3 2 19
3 4 18
3 5 15
3 6 15
3 7 11
3 8 19
3 10 15
3 11 13
3 12 15
3 14 14
3 15 14
3 16 13
3 17 10
3 20 16
3 22 19
3 23 14
3 24 10
3 25 12
3 26 17
3 27 11
3 28 17
3 30 18
3 31 15
3 32 10
3 33 15
3 34 17
3 36 12
3 37 10
3 38 18
3 39 13
3 41 15
3 44 15
3 46 14
3 48 12
3 49 12
3 50 18
3 51 20
3 54 15
3 55 15
3 58 20
3 59 10
3 60 19
3 62 17
3 63 12
3 64 19
3 65 18
3 66 11
3 68 16
3 69 16
3 71 15
3 72 10
3 73 19
3 75 10
3 77 11
3 78 12
3 79 14
3 80 16
3 82 12
3 84 13
3 86 14
3 87 19
3 88 16
3 89 16
3 90 18
3 91 14
3 92 12
3 93 19
3 97 15
3 99 13
4 1 16
4 2 14
4 3 18
4 5 19
4 6 14
4 7 16
4 8 15
4 9 17
4 10 18
4 11 13
4 13 14
4 14 20
4 15 14
4 16 10
4 17 19
4 18 15
4 21 19
4 25 15
4 26 13
4 31 16
4 32 17
4 35 18
4 36 17
4 37 20
4 38 19
4 39 14
4 40 12
4 43 19
4 44 12
4 45 10
4 46 15
4 47 18
4 48 19
4 49 13
4 50 12
4 54 20
4 55 14
4 56 10
4 57 19
4 59 11
4 60 10
4 61 14
4 62 11
4 63 15
4 64 13
4 66 19
4 67 11
4 68 16
4 69 11
4 71 19
4 72 10
4 74 12
4 75 19
4 76 19
4 78 10
4 80 15
4 81 19
4 82 19
4 83 10
4 84 20
4 85 14
4 86 19
4 87 10
4 89 10
4 90 19
4 92 15
4 93 12
4 94 17
4 95 15
4 96 15
4 98 16
5 3 15
5 4 19
5 7 13
5 8 12
5 9 19
5 10 20
5 13 17
5 15 17
5 16 11
5 17 11
5 18 20
5 19 12
5 20 15
5 21 14
5 22 19
5 23 13
5 25 14
5 26 19
5 27 19
5 29 19
5 30 18
5 31 18
5 32 13
5 34 11
5 37 18
5 38 11
5 39 20
5 41 15
5 42 14
5 44 12
5 45 17
5 46 17
5 48 11
5 49 19
5 50 10
5 51 18
5 52 19
5 53 16
5 55 13
5 56 12
5 59 14
5 60 17
5 61 12
5 62 16
5 65 16
5 66 12
5 68 15
5 69 19
5 70 20
5 71 10
5 72 15
5 73 15
5 75 10
5 77 10
5 79 14
5 80 15
5 81 11
5 82 15
5 83 15
5 84 17
5 85 15
5 86 17
5 87 11
5 88 14
5 89 17
5 90 10
5 91 10
5 92 16
5 94 14
5 95 12
5 97 15
5 99 10
6 2 17
6 3 15
6 4 14
6 7 17
6 8 15
6 10 11
6 11 13
6 12 18
6 13 15
6 14 20
6 15 10
6 16 14
6 17 18
6 19 17
6 21 10
6 22 20
6 23 18
6 24 19
6 25 17
6 26 12
6 27 14
6 29 20
6 30 12
6 31 14
6 32 15
6 33 17
6 34 10
6 35 15
6 36 20
6 38 16
6 39 17
6 40 16
6 41 16
6 42 17
6 43 18
6 44 19
6 45 19
6 47 12
6 48 11
6 50 17
6 51 17
6 52 15
6 53 17
6 55 18
6 60 17
6 61 15
6 62 16
6 63 16
6 64 19
6 66 13
6 67 18
6 69 20
6 71 16
6 72 20
6 73 19
6 74 13
6 76 12
6 77 10
6 78 20
6 79 18
6 81 15
6 82 18
6 84 13
6 85 18
6 86 14
6 87 14
6 88 13
6 89 11
6 90 17
6 91 10
6 92 16
6 93 20
6 94 16
6 95 17
6 96 16
6 97 13
6 98 19
6 99 13
7 1 15
7 2 10
7 3 11
7 4 16
7 5 13
7 6 17
7 8 20
7 9 15
7 10 12
7 11 16
7 12 15
7 14 16
7 15 14
7 16 15
7 17 12
7 19 18
7 20 13
7 21 10
7 22 17
7 23 12
7 24 14
7 25 14
7 26 18
7 27 12
7 28 20
7 29 12
7 30 17
7 35 15
7 36 20
7 37 10
7 38 19
7 39 20
7 41 17
7 43 12
7 44 11
7 45 15
7 46 10
7 47 11
7 48 13
7 49 15
7 50 17
7 54 11
7 55 11
7 57 19
7 59 18
7 60 14
7 61 13
7 63 14
7 64 10
7 66 19
7 67 19
7 68 12
7 70 14
7 71 12
7 72 19
7 73 12
7 74 10
7 77 16
7 78 10
7 79 20
7 81 20
7 83 20
7 84 11
7 85 17
7 86 12
7 89 18
7 90 12
7 91 15
7 92 17
7 93 11
7 95 16
7 96 15
7 97 15
7 98 17
8 1 11
8 2 12
8 3 19
8 4 15
8 5 12
8 6 15
8 7 20
8 9 14
8 10 16
8 11 12
8 12 10
8 13 19
8 15 14
8 16 12
8 18 14
8 20 11
8 21 11
8 23 19
8 24 16
8 25 20
8 28 14
8 29 18
8 30 14
8 31 10
8 32 17
8 35 17
8 36 14
8 38 14
8 39 20
8 40 18
8 41 13
8 45 17
8 47 16
8 49 17
8 50 16
8 53 10
8 56 10
8 57 12
8 59 20
8 61 13
8 62 15
8 66 11
8 68 16
8 69 11
8 70 10
8 72 15
8 73 20
8 74 16
8 78 20
8 79 17
8 80 19
8 82 14
8 84 13
8 85 14
8 86 18
8 87 17
8 89 15
8 90 12
8 91 10
8 92 15
8 94 11
8 98 15
8 99 19
9 2 10
9 4 17
9 5 19
9 7 15
9 8 14
9 13 17
9 14 18
9 15 19
9 16 11
9 17 19
9 18 11
9 20 11
9 24 10
9 25 18
9 27 11
9 28 15
9 31 14
9 34 14
9 35 20
9 36 20
9 37 15
9 40 11
9 44 17
9 49 13
9 52 17
9 53 18
9 54 18
9 57 18
9 59 14
9 60 12
9 64 12
9 65 11
9 66 15
9 68 18
9 71 14
9 74 12
9 75 15
9 76 16
9 79 13
9 80 15
9 81 17
9 82 13
9 87 17
9 89 13
9 90 20
9 92 14
9 93 12
9 95 13
9 96 11
9 97 20
9 98 10
9 99 20
10 1 11
10 2 11
10 3 15
10 4 18
10 5 20
10 6 11
10 7 12
10 8 16
10 11 19
10 12 19
10 14 12
10 15 20
10 16 15
10 19 12
10 20 15
10 21 13
10 23 11
10 24 15
10 25 17
10 26 18
10 27 13
10 28 11
10 29 12
10 30 16
10 32 16
10 33 17
10 34 19
10 35 15
10 36 19
10 37 18
10 39 13
10 40 15
10 43 20
10 45 11
10 46 20
10 47 20
10 48 11
10 49 12
10 51 19
10 52 14
10 53 18
10 54 19
10 55 20
10 56 15
10 57 12
10 58 19
10 59 14
10 60 15
10 61 14
10 62 11
10 63 20
10 64 19
10 65 19
10 68 18
10 69 10
10 71 13
10 72 16
10 73 13
10 77 15
10 78 11
10 79 12
10 80 20
10 81 13
10 82 15
10 83 17
10 84 19
10 85 16
10 86 18
10 89 15
10 90 12
10 91 20
10 92 13
10 94 15
10 95 10
10 98 16
10 99 10
11 1 13
11 3 13
11 4 13
11 6 13
11 7 16
11 8 12
11 10 19
11 12 11
11 14 11
11 17 13
11 19 10
11 20 17
11 21 16
11 22 10
11 23 17
11 25 11
11 26 17
11 27 10
11 28 11
11 29 18
11 30 13
11 31 12
11 32 14
11 33 20
11 34 15
11 35 20
11 36 18
11 37 20
11 38 12
11 39 20
11 41 15
11 42 10
11 44 20
11 45 18
11 46 16
11 49 12
11 50 15
11 51 16
11 52 19
11 53 17
11 54 18
11 56 19
11 57 20
11 58 11
11 60 16
11 61 20
11 63 17
11 64 10
11 68 14
11 70 14
11 71 10
11 74 11
11 75 11
11 76 18
11 78 11
11 79 17
11 80 20
11 82 13
11 83 14
11 84 10
11 87 10
11 88 11
11 89 19
11 90 15
11 92 18
11 93 18
11 94 18
11 95 19
11 96 17
11 97 16
11 99 19
12 1 13
12 2 12
12 3 15
12 6 18
12 7 15
12 8 10
12 10 19
12 11 11
12 13 11
12 14 12
12 15 20
12 17 12
12 19 20
12 20 20
12 21 13
12 22 15
12 23 12
12 24 14
12 27 10
12 28 17
12 29 13
12 30 11
12 31 10
12 32 15
12 33 19
12 34 14
12 35 12
12 36 20
12 37 13
12 39 16
12 40 13
12 41 19
12 43 16
12 44 15
12 45 12
12 46 10
12 47 17
12 48 20
12 49 17
12 50 20
12 51 11
12 52 20
12 53 17
12 54 16
12 55 13
12 56 17
12 58 16
12 59 20
12 60 19
12 61 19
12 63 14
12 64 10
12 65 16
12 66 12
12 68 17
12 70 10
12 71 18
12 72 20
12 73 13
12 75 12
12 76 15
12 78 20
12 79 20
12 80 16
12 84 16
12 87 14
12 88 13
12 89 11
12 91 17
12 93 18
12 97 10
12 98 12
12 99 18
13 1 13
13 2 15
13 4 14
13 5 17
13 6 15
13 8 19
13 9 17
13 12 11
13 14 18
13 16 16
13 17 19
13 18 13
13 19 13
13 20 18
13 21 19
13 22 11
13 24 13
13 25 11
13 26 18
13 27 16
13 28 19
13 29 19
13 30 19
13 31 18
13 32 12
13 33 13
13 35 19
13 36 19
13 37 17
13 38 19
13 39 17
13 40 14
13 43 19
13 44 16
13 46 12
13 47 15
13 49 14
13 50 20
13 52 17
13 54 20
13 55 19
13 56 10
13 57 17
13 62 11
13 63 18
13 64 19
13 65 16
13 66 20
13 67 18
13 68 18
13 70 16
13 72 18
13 77 13
13 79 19
13 80 16
13 81 10
13 83 12
13 85 18
13 86 13
13 87 12
13 88 19
13 93 17
13 94 11
13 96 11
13 97 17
13 98 11
13 99 16
14 1 14
14 3 14
14 4 20
14 6 20
14 7 16
14 9 18
14 10 12
14 11 11
14 12 12
14 13 18
14 15 15
14 18 14
14 19 18
14 21 18
14 22 13
14 25 10
14 28 10
14 29 17
14 30 13
14 31 18
14 33 11
14 34 10
14 35 12
14 36 17
14 37 11
14 38 19
14 40 10
14 41 11
14 42 11
14 45 19
14 46 18
14 47 17
14 48 15
14 49 11
14 50 10
14 51 18
14 54 11
14 55 13
14 56 14
14 58 13
14 59 10
14 60 13
14 61 10
14 62 15
14 63 19
14 64 16
14 65 11
14 66 16
14 67 15
14 68 12
14 72 13
14 74 16
14 76 13
14 77 15
14 78 12
14 79 18
14 80 12
14 81 18
14 82 17
14 84 14
14 85 20
14 86 17
14 87 13
14 89 16
14 91 11
14 93 18
14 94 13
14 95 11
14 96 11
14 99 20
15 1 12
15 2 15
15 3 14
15 4 14
15 5 17
15 6 10
15 7 14
15 8 14
15 9 19
15 10 20
15 12 20
15 14 15
15 17 13
15 19 19
15 21 15
15 23 11
15 24 10
15 25 11
15 26 15
15 28 16
15 29 12
15 30 17
15 31 17
15 36 17
15 37 12
15 39 17
15 40 14
15 42 20
15 44 15
15 45 14
15 46 18
15 47 16
15 48 12
15 49 13
15 50 13
15 51 11
15 52 15
15 54 11
15 55 10
15 56 19
15 59 12
15 61 10
15 64 12
15 66 14
15 68 18
15 69 14
15 70 11
15 72 17
15 73 13
15 74 15
15 75 13
15 77 12
15 78 12
15 79 16
15 80 16
15 81 15
15 82 18
15 83 20
15 84 13
15 86 11
15 87 17
15 88 10
15 89 11
15 90 17
15 91 10
15 92 19
15 93 13
15 94 13
15 96 15
15 97 14
15 98 11
15 99 20
16 2 13
16 3 13
16 4 10
16 5 11
16 6 14
16 7 15
16 8 12
16 9 11
16 10 15
16 13 16
16 17 14
16 18 14
16 19 14
16 21 13
16 22 16
16 23 18
16 24 11
16 26 19
16 28 11
16 30 14
16 31 17
16 32 19
16 33 15
16 34 12
16 35 12
16 36 17
16 37 15
16 38 20
16 39 10
16 40 14
16 42 10
16 43 20
16 44 17
16 45 11
16 49 15
16 50 19
16 51 16
16 52 11
16 53 13
16 54 16
16 55 20
16 56 14
16 57 18
16 58 14
16 60 19
16 61 12
16 62 16
16 63 15
16 64 20
16 65 11
16 66 16
16 68 15
16 69 19
16 70 15
16 71 12
16 72 17
16 73 16
16 74 11
16 75 17
16 76 16
16 77 18
16 80 15
16 81 14
16 82 11
16 83 13
16 84 20
16 86 15
16 87 10
16 89 20
16 90 14
16 92 10
16 93 11
16 95 18
16 97 18
16 98 16
17 1 12
17 3 10
17 4 19
17 5 11
17 6 18
17 7 12
17 9 19
17 11 13
17 12 12
17 13 19
17 15 13
17 16 14
17 18 18
17 19 14
17 20 19
17 21 15
17 22 13
17 25 16
17 26 15
17 27 20
17 28 11
17 29 19
17 30 17
17 31 12
17 33 16
17 35 13
17 37 18
17 38 12
17 39 10
17 41 20
17 44 19
17 45 17
17 46 10
17 47 13
17 49 10
17 51 18
17 52 18
17 54 14
17 55 17
17 56 12
17 58 20
17 59 11
17 60 14
17 62 16
17 63 17
17 64 19
17 65 10
17 66 15
17 69 13
17 72 19
17 76 15
17 77 12
17 78 13
17 79 16
17 80 14
17 82 13
17 83 16
17 85 19
17 86 20
17 88 20
17 89 20
17 91 11
17 93 10
17 94 13
17 95 15
17 96 18
17 97 12
18 1 19
18 2 13
18 4 15
18 5 20
18 8 14
18 9 11
18 13 13
18 14 14
18 16 14
18 17 18
18 19 15
18 22 13
18 25 19
18 26 10
18 27 15
18 28 11
18 30 11
18 31 19
18 33 15
18 34 16
18 35 18
18 37 20
18 38 15
18 43 12
18 44 12
18 45 18
18 46 13
18 47 15
18 48 20
18 49 15
18 50 15
18 51 13
18 52 14
18 53 12
18 54 17
18 56 12
18 57 18
18 58 16
18 59 18
18 60 19
18 63 11
18 64 14
18 65 19
18 66 15
18 68 17
18 69 16
18 71 17
18 72 20
18 73 18
18 74 18
18 75 16
18 76 10
18 78 18
18 80 16
18 83 13
18 84 15
18 85 17
18 86 13
18 87 19
18 90 10
18 91 19
18 92 16
18 93 11
18 94 18
18 96 16
18 97 10
18 98 20
19 1 15
19 2 20
19 5 12
19 6 17
19 7 18
19 10 12
19 11 10
19 12 20
19 13 13
19 14 18
19 15 19
19 16 14
19 17 14
19 18 15
19 23 10
19 24 12
19 26 10
19 28 16
19 30 20
19 34 18
19 35 15
19 36 16
19 37 15
19 38 12
19 39 17
19 41 19
19 42 20
19 45 15
19 47 17
19 49 11
19 51 20
19 53 14
19 54 11
19 55 14
19 56 11
19 57 18
19 59 17
19 60 16
19 62 13
19 64 20
19 66 11
19 69 15
19 70 18
19 71 18
19 73 18
19 75 10
19 76 15
19 77 18
19 78 14
19 79 17
19 80 15
19 82 18
19 86 12
19 87 11
19 89 11
19 90 17
19 91 14
19 92 19
19 93 20
19 94 14
19 95 11
19 97 19
19 99 11
20 1 12
20 3 16
20 5 15
20 7 13
20 8 11
20 9 11
20 10 15
20 11 17
20 12 20
20 13 18
20 17 19
20 22 12
20 23 14
20 24 19
20 25 14
20 26 17
20 27 12
20 29 17
20 31 11
20 32 20
20 33 17
20 35 11
20 36 13
20 38 10
20 40 13
20 41 20
20 42 10
20 43 20
20 47 14
20 48 11
20 49 15
20 50 14
20 51 10
20 52 15
20 53 12
20 56 19
20 57 16
20 58 19
20 59 12
20 60 18
20 63 12
20 65 17
20 66 12
20 67 15
20 68 14
20 69 12
20 73 20
20 74 12
20 76 10
20 77 17
20 78 20
20 79 19
20 80 18
20 81 14
20 82 17
20 84 17
20 86 12
20 87 10
20 88 11
20 90 14
20 92 16
20 93 12
20 94 17
20 95 13
20 96 20
20 97 18
20 99 12
21 4 19
21 5 14
21 6 10
21 7 10
21 8 11
21 10 13
21 11 16
21 12 13
21 13 19
21 14 18
21 15 15
21 16 13
21 17 15
21 23 11
21 24 15
21 29 11
21 30 13
21 31 13
21 32 17
21 33 15
21 34 14
21 35 16
21 36 10
21 37 17
21 38 15
21 39 14
21 40 19
21 42 13
21 45 13
21 46 19
21 47 18
21 48 10
21 49 15
21 50 13
21 52 15
21 53 13
21 54 10
21 55 12
21 58 13
21 60 19
21 62 12
21 63 12
21 64 11
21 66 14
21 67 10
21 68 12
21 69 12
21 71 14
21 72 15
21 73 12
21 75 12
21 76 14
21 77 18
21 78 16
21 80 12
21 81 16
21 83 17
21 84 15
21 85 10
21 86 12
21 87 17
21 89 15
21 90 19
21 92 13
21 93 15
21 96 10
21 98 19
22 3 19
22 5 19
22 6 20
22 7 17
22 11 10
22 12 15
22 13 11
22 14 13
22 16 16
22 17 13
22 18 13
22 20 12
22 23 11
22 24 10
22 25 20
22 27 19
22 28 10
22 29 12
22 30 15
22 32 12
22 34 19
22 36 15
22 37 16
22 38 14
22 39 14
22 40 10
22 41 15
22 43 13
22 44 18
22 47 16
22 50 15
22 51 17
22 52 11
22 53 17
22 54 18
22 56 13
22 57 12
22 60 15
22 61 15
22 63 14
22 64 19
22 65 14
22 66 10
22 67 16
22 68 14
22 69 11
22 70 14
22 71 13
22 72 18
22 73 12
22 75 14
22 76 19
22 79 19
22 80 16
22 82 15
22 83 17
22 84 20
22 85 18
22 86 11
22 87 19
22 88 11
22 89 12
22 93 12
22 94 17
22 95 16
22 96 14
22 97 18
22 98 19
22 99 18
23 2 10
23 3 14
23 5 13
23 6 18
23 7 12
23 8 19
23 10 11
23 11 17
23 12 12
23 15 11
23 16 18
23 19 10
23 20 14
23 21 11
23 22 11
23 25 15
23 26 16
23 28 17
23 29 17
23 30 19
23 31 15
23 32 15
23 34 18
23 35 19
23 36 13
23 39 15
23 42 15
23 43 18
23 45 11
23 47 16
23 49 15
23 50 10
23 51 13
23 52 13
23 54 14
23 56 16
23 58 15
23 61 15
23 63 13
23 66 17
23 68 12
23 69 20
23 70 17
23 73 17
23 74 17
23 75 12
23 77 10
23 79 10
23 80 20
23 81 13
23 83 18
23 85 19
23 86 18
23 88 15
23 89 17
23 93 17
23 95 12
23 97 20
23 98 16
23 99 14
24 1 15
24 2 18
24 3 10
24 6 19
24 7 14
24 8 16
24 9 10
24 10 15
24 12 14
24 13 13
24 15 10
24 16 11
24 19 12
24 20 19
24 21 15
24 22 10
24 26 16
24 27 20
24 29 10
24 31 17
24 32 14
24 36 14
24 39 11
24 40 18
24 42 12
24 43 20
24 45 19
24 46 16
24 47 16
24 48 17
24 49 10
24 54 20
24 56 15
24 57 17
24 58 11
24 59 14
24 60 11
24 62 19
24 63 20
24 65 12
24 66 10
24 67 14
24 71 16
24 72 11
24 73 12
24 74 20
24 75 15
24 76 20
24 78 10
24 79 18
24 80 19
24 81 11
24 82 12
24 84 14
24 85 16
24 87 10
24 88 16
24 89 20
24 91 17
24 92 18
24 93 14
24 94 19
24 95 17
24 97 12
24 98 11
25 3 12
25 4 15
25 5 14
25 6 17
25 7 14
25 8 20
25 9 18
25 10 17
25 11 11
25 13 11
25 14 10
25 15 11
25 17 16
25 18 19
25 20 14
25 22 20
25 23 15
25 26 18
25 27 18
25 28 15
25 30 10
25 31 13
25 32 10
25 33 19
25 34 19
25 40 19
25 41 15
25 43 15
25 45 10
25 46 16
25 47 18
25 48 20
25 49 14
25 50 12
25 51 17
25 52 16
25 53 13
25 54 16
25 55 15
25 56 14
25 57 17
25 59 14
25 61 10
25 62 10
25 63 20
25 64 10
25 66 10
25 68 16
25 69 13
25 72 10
25 73 12
25 74 10
25 75 20
25 77 19
25 78 18
25 79 12
25 81 13
25 82 11
25 83 17
25 84 16
25 86 11
25 88 12
25 89 17
25 90 13
25 91 18
25 92 18
25 93 17
25 94 17
25 96 13
25 97 18
25 98 10
25 99 14
26 1 16
26 3 17
26 4 13
26 5 19
26 6 12
26 7 18
26 10 18
26 11 17
26 13 18
26 15 15
26 16 19
26 17 15
26 18 10
26 19 10
26 20 17
26 23 16
26 24 16
26 25 18
26 29 16
26 31 19
26 33 13
26 34 19
26 35 16
26 37 19
26 40 16
26 41 19
26 42 14
26 44 11
26 45 17
26 46 14
26 48 18
26 50 13
26 51 17
26 52 10
26 53 12
26 54 17
26 56 16
26 57 11
26 59 19
26 60 15
26 64 12
26 65 14
26 67 16
26 68 16
26 69 19
26 70 12
26 71 19
26 72 11
26 73 10
26 74 10
26 75 11
26 79 11
26 81 13
26 82 17
26 83 16
26 85 20
26 86 14
26 87 20
26 90 11
26 91 20
26 93 12
26 94 13
26 97 14
26 98 10
26 99 16
27 1 14
27 2 14
27 3 11
27 5 19
27 6 14
27 7 12
27 9 11
27 10 13
27 11 10
27 12 10
27 13 16
27 17 20
27 18 15
27 20 12
27 22 19
27 24 20
27 25 18
27 28 14
27 30 19
27 31 19
27 32 17
27 36 17
27 37 16
27 38 12
27 39 10
27 41 19
27 42 13
27 43 14
27 45 13
27 47 19
27 48 17
27 50 10
27 51 18
27 53 18
27 54 15
27 55 17
27 56 13
27 57 13
27 58 13
27 60 16
27 61 20
27 62 11
27 65 20
27 66 18
27 67 17
27 68 15
27 69 19
27 70 18
27 71 17
27 72 10
27 73 12
27 75 19
27 76 11
27 77 10
27 79 13
27 80 15
27 81 13
27 82 12
27 83 20
27 85 16
27 86 20
27 88 20
27 91 12
27 92 20
27 95 11
27 97 20
27 98 19
27 99 10
28 2 10
28 3 17
28 7 20
28 8 14
28 9 15
28 10 11
28 11 11
28 12 17
28 13 19
28 14 10
28 15 16
28 16 11
28 17 11
28 18 11
28 19 16
28 22 10
28 23 17
28 25 15
28 27 14
28 30 17
28 33 19
28 36 16
28 37 10
28 38 14
28 39 11
28 40 15
28 42 12
28 44 11
28 45 18
28 46 18
28 47 15
28 49 13
28 50 11
28 52 19
28 53 12
28 54 19
28 56 12
28 57 14
28 58 13
28 61 20
28 62 18
28 63 17
28 64 10
28 70 15
28 71 17
28 72 19
28 74 14
28 75 18
28 76 10
28 77 17
28 78 18
28 80 10
28 82 12
28 83 12
28 84 13
28 86 13
28 87 19
28 88 17
28 89 19
28 90 20
28 91 11
28 93 11
28 94 13
28 95 19
28 96 17
28 97 14
29 2 18
29 5 19
29 6 20
29 7 12
29 8 18
29 10 12
29 11 18
29 12 13
29 13 19
29 14 17
29 15 12
29 17 19
29 20 17
29 21 11
29 22 12
29 23 17
29 24 10
29 26 16
29 30 19
29 32 20
29 33 14
29 34 10
29 35 16
29 42 12
29 45 20
29 46 19
29 47 12
29 48 14
29 49 17
29 50 20
29 51 13
29 54 18
29 55 20
29 57 13
29 58 10
29 59 17
29 60 15
29 61 15
29 62 12
29 63 17
29 64 17
29 65 10
29 68 20
29 69 13
29 71 12
29 74 16
29 75 14
29 77 10
29 78 16
29 80 12
29 82 13
29 83 15
29 85 14
29 86 17
29 87 19
29 88 11
29 90 11
29 91 13
29 92 13
29 93 11
29 94 12
29 97 12
29 98 15
29 99 12
30 2 19
30 3 18
30 5 18
30 6 12
30 7 17
30 8 14
30 10 16
30 11 13
30 12 11
30 13 19
30 14 13
30 15 17
30 16 14
30 17 17
30 18 11
30 19 20
30 21 13
30 22 15
30 23 19
30 25 10
30 27 19
30 28 17
30 29 19
30 31 14
30 32 12
30 33 13
30 34 18
30 36 16
30 40 20
30 42 14
30 43 16
30 44 19
30 47 16
30 48 14
30 49 17
30 50 19
30 52 14
30 53 10
30 54 16
30 58 15
30 61 19
30 63 16
30 64 11
30 65 19
30 67 10
30 69 12
30 70 15
30 72 12
30 73 14
30 74 13
30 75 10
30 77 17
30 82 20
30 83 17
30 85 18
30 86 12
30 87 12
30 88 11
30 89 17
30 90 16
30 91 18
30 92 13
30 93 14
30 94 13
30 95 11
30 97 19
30 98 16
31 1 15
31 2 16
31 3 15
31 4 16
31 5 18
31 6 14
31 8 10
31 9 14
31 11 12
31 12 10
31 13 18
31 14 18
31 15 17
31 16 17
31 17 12
31 18 19
31 20 11
31 21 13
31 23 15
31 24 17
31 25 13
31 26 19
31 27 19
31 30 14
31 32 16
31 33 19
31 36 17
31 37 11
31 38 19
31 41 16
31 42 20
31 44 15
31 45 10
31 46 16
31 48 18
31 49 11
31 50 13
31 51 18
31 52 10
31 53 12
31 54 18
31 56 12
31 57 19
31 59 11
31 62 12
31 63 18
31 65 17
31 66 20
31 67 11
31 68 15
31 69 11
31 70 15
31 71 12
31 72 19
31 73 12
31 74 20
31 75 14
31 76 15
31 77 15
31 79 10
31 81 12
31 82 16
31 83 10
31 84 10
31 85 16
31 86 17
31 87 11
31 88 13
31 90 12
31 91 16
31 92 16
31 93 19
31 94 13
31 96 20
31 98 19
32 3 10
32 4 17
32 5 13
32 6 15
32 8 17
32 10 16
32 11 14
32 12 15
32 13 12
32 16 19
32 20 20
32 21 17
32 22 12
32 23 15
32 24 14
32 25 10
32 27 17
32 29 20
32 30 12
32 31 16
32 33 20
32 34 20
32 36 11
32 37 19
32 38 16
32 39 11
32 40 14
32 41 17
32 42 16
32 43 10
32 46 10
32 48 13
32 50 18
32 52 20
32 53 15
32 54 18
32 55 15
32 56 19
32 57 10
32 59 13
32 62 14
32 64 12
32 65 10
32 66 11
32 67 12
32 68 17
32 71 14
32 73 13
32 74 14
32 76 19
32 77 19
32 78 10
32 79 18
32 80 17
32 83 20
32 86 18
32 87 20
32 88 14
32 89 17
32 91 18
32 93 20
32 94 17
32 95 17
32 96 13
32 97 13
32 98 11
32 99 14
33 1 10
33 2 17
33 3 15
33 6 17
33 10 17
33 11 20
33 12 19
33 13 13
33 14 11
33 16 15
33 17 16
33 18 15
33 20 17
33 21 15
33 25 19
33 26 13
33 28 19
33 29 14
33 30 13
33 31 19
33 32 20
33 34 16
33 35 20
33 36 12
33 38 18
33 39 17
33 40 20
33 41 15
33 44 15
33 45 16
33 47 12
33 48 12
33 49 13
33 50 12
33 52 12
33 54 15
33 55 18
33 56 16
33 57 15
33 58 18
33 60 14
33 62 11
33 63 18
33 66 14
33 67 10
33 68 10
33 69 20
33 71 17
33 73 19
33 74 12
33 77 20
33 78 12
33 79 15
33 80 14
33 81 13
33 83 20
33 84 17
33 85 16
33 87 10
33 88 15
33 89 18
33 90 18
33 91 10
33 94 15
33 95 19
33 96 18
33 97 17
33 99 18
34 1 20
34 2 11
34 3 17
34 5 11
34 6 10
34 9 14
34 10 19
34 11 15
34 12 14
34 14 10
34 16 12
34 18 16
34 19 18
34 21 14
34 22 19
34 23 18
34 25 19
34 26 19
34 29 10
34 30 18
34 32 20
34 33 16
34 35 17
34 41 18
34 43 20
34 44 12
34 45 17
34 46 19
34 47 19
34 48 19
34 50 18
34 51 19
34 54 12
34 55 11
34 56 18
34 57 12
34 58 19
34 59 13
34 63 12
34 65 13
34 67 18
34 68 17
34 69 11
34 70 10
34 72 20
34 73 14
34 74 16
34 75 19
34 76 18
34 78 14
34 80 16
34 81 19
34 83 18
34 84 16
34 85 18
34 86 10
34 87 14
34 88 15
34 90 16
34 91 20
34 93 14
34 94 15
34 95 19
34 96 16
34 97 19
34 98 16
34 99 13
35 2 11
35 4 18
35 6 15
35 7 15
35 8 17
35 9 20
35 10 15
35 11 20
35 12 12
35 13 19
35 14 12
35 16 12
35 17 13
35 18 18
35 19 15
35 20 11
35 21 16
35 23 19
35 26 16
35 29 16
35 33 20
35 34 17
35 36 14
35 37 10
35 39 14
35 42 13
35 43 19
35 45 15
35 47 13
35 48 17
35 49 10
35 50 15
35 51 11
35 53 17
35 55 16
35 56 18
35 57 18
35 59 10
35 60 12
35 61 13
35 62 17
35 63 19
35 65 17
35 66 14
35 70 13
35 71 15
35 72 12
35 73 10
35 74 20
35 75 17
35 76 10
35 77 18
35 78 16
35 79 20
35 80 10
35 82 19
35 84 19
35 85 13
35 86 12
35 87 19
35 89 17
35 90 18
35 91 14
35 92 11
35 97 18
35 99 13
36 1 13
36 2 14
36 3 12
36 4 17
36 6 20
36 7 20
36 8 14
36 9 20
36 10 19
36 11 18
36 12 20
36 13 19
36 14 17
36 15 17
36 16 17
36 19 16
36 20 13
36 21 10
36 22 15
36 23 13
36 24 14
36 27 17
36 28 16
36 30 16
36 31 17
36 32 11
36 33 12
36 35 14
36 38 17
36 39 14
36 40 16
36 41 16
36 42 14
36 44 20
36 45 19
36 46 15
36 48 11
36 49 18
36 50 16
36 53 17
36 54 18
36 55 16
36 59 13
36 60 19
36 61 17
36 62 13
36 63 11
36 64 19
36 65 10
36 66 11
36 67 18
36 70 15
36 71 14
36 72 18
36 73 14
36 74 20
36 75 12
36 76 15
36 77 16
36 78 11
36 79 20
36 80 18
36 81 18
36 82 10
36 84 13
36 85 20
36 86 10
36 87 18
36 89 19
36 90 16
36 91 20
36 92 15
36 93 11
36 94 14
36 95 16
36 96 11
36 98 11
36 99 15
37 1 16
37 2 13
37 3 10
37 4 20
37 5 18
37 7 10
37 9 15
37 10 18
37 11 20
37 12 13
37 13 17
37 14 11
37 15 12
37 16 15
37 17 18
37 18 20
37 19 15
37 21 17
37 22 16
37 26 19
37 27 16
37 28 10
37 31 11
37 32 19
37 35 10
37 39 13
37 40 12
37 42 17
37 43 12
37 45 11
37 46 19
37 47 12
37 48 13
37 49 15
37 50 16
37 54 14
37 56 10
37 57 11
37 58 13
37 61 16
37 62 13
37 63 16
37 64 13
37 65 12
37 66 14
37 67 12
37 68 16
37 70 11
37 74 17
37 75 17
37 76 16
37 77 16
37 80 12
37 81 19
37 82 12
37 85 12
37 86 11
37 90 18
37 91 16
37 93 18
37 94 13
37 95 12
37 96 19
37 97 18
37 98 20
37 99 16
38 1 13
38 3 18
38 4 19
38 5 11
38 6 16
38 7 19
38 8 14
38 11 12
38 13 19
38 14 19
38 16 20
38 17 12
38 18 15
38 19 12
38 20 10
38 21 15
38 22 14
38 27 12
38 28 14
38 31 19
38 32 16
38 33 18
38 36 17
38 41 12
38 42 13
38 43 20
38 44 16
38 46 16
38 47 15
38 48 13
38 49 15
38 50 13
38 52 15
38 55 11
38 56 13
38 58 17
38 59 20
38 60 14
38 61 13
38 62 16
38 64 10
38 65 15
38 67 19
38 68 12
38 69 14
38 71 11
38 72 13
38 74 17
38 75 16
38 77 17
38 78 12
38 81 11
38 82 18
38 83 12
38 84 13
38 89 15
38 91 18
38 92 16
38 93 16
38 94 16
38 95 13
38 97 15
38 98 17
38 99 17
39 1 19
39 2 10
39 3 13
39 4 14
39 5 20
39 6 17
39 7 20
39 8 20
39 10 13
39 11 20
39 12 16
39 13 17
39 15 17
39 16 10
39 17 10
39 19 17
39 21 14
39 22 14
39 23 15
39 24 11
39 27 10
39 28 11
39 32 11
39 33 17
39 35 14
39 36 14
39 37 13
39 42 16
39 44 15
39 47 13
39 49 11
39 50 13
39 51 10
39 52 18
39 55 11
39 57 13
39 58 13
39 59 14
39 60 11
39 62 20
39 63 10
39 64 15
39 65 14
39 68 17
39 69 20
39 70 20
39 71 10
39 72 19
39 74 10
39 75 11
39 76 10
39 77 12
39 78 18
39 79 18
39 80 16
39 82 19
39 84 19
39 85 16
39 86 17
39 89 18
39 90 13
39 91 17
39 92 19
39 93 17
39 95 20
39 96 13
39 97 10
39 98 11
40 1 19
40 4 12
40 6 16
40 8 18
40 9 11
40 10 15
40 12 13
40 13 14
40 14 10
40 15 14
40 16 14
40 20 13
40 21 19
40 22 10
40 24 18
40 25 19
40 26 16
40 28 15
40 30 20
40 32 14
40 33 20
40 36 16
40 37 12
40 41 20
40 42 14
40 43 14
40 44 20
40 45 14
40 46 10
40 47 19
40 48 11
40 49 12
40 50 12
40 51 12
40 52 14
40 54 19
40 56 15
40 57 13
40 58 18
40 60 16
40 61 17
40 63 15
40 65 10
40 66 16
40 67 14
40 68 12
40 69 12
40 71 14
40 72 20
40 74 17
40 75 17
40 77 15
40 79 10
40 80 18
40 82 20
40 83 10
40 85 19
40 86 10
40 87 16
40 89 10
40 90 13
40 91 15
40 92 10
40 94 12
40 95 15
40 97 15
40 98 17
40 99 12
41 1 13
41 2 19
41 3 15
41 5 15
41 6 16
41 7 17
41 8 13
41 11 15
41 12 19
41 14 11
41 17 20
41 19 19
41 20 20
41 22 15
41 25 15
41 26 19
41 27 19
41 31 16
41 32 17
41 33 15
41 34 18
41 36 16
41 38 12
41 40 20
41 42 16
41 44 14
41 45 14
41 46 18
41 47 14
41 51 15
41 52 10
41 53 10
41 56 15
41 58 12
41 59 10
41 60 18
41 61 18
41 62 13
41 63 20
41 64 17
41 65 20
41 66 16
41 69 20
41 70 14
41 71 20
41 72 18
41 73 11
41 76 20
41 78 17
41 79 14
41 82 13
41 84 19
41 85 18
41 86 15
41 87 11
41 88 12
41 89 11
41 90 11
41 93 19
41 96 10
41 98 14
41 99 13
42 5 14
42 6 17
42 11 10
42 14 11
42 15 20
42 16 10
42 19 20
42 20 10
42 21 13
42 23 15
42 24 12
42 26 14
42 27 13
42 28 12
42 29 12
42 30 14
42 31 20
42 32 16
42 35 13
42 36 14
42 37 17
42 38 13
42 39 16
42 40 14
42 41 16
42 43 15
42 44 10
42 47 13
42 49 13
42 51 18
42 52 16
42 53 10
42 54 19
42 57 19
42 58 19
42 59 15
42 60 11
42 61 13
42 63 13
42 65 19
42 66 16
42 67 13
42 69 10
42 71 14
42 72 11
42 74 19
42 75 18
42 76 10
42 77 20
42 78 20
42 79 12
42 80 14
42 83 14
42 84 17
42 86 10
42 87 12
42 89 17
42 90 19
42 91 15
42 92 17
42 94 10
42 96 18
42 97 11
42 98 19
43 1 10
43 4 19
43 6 18
43 7 12
43 10 20
43 12 16
43 13 19
43 16 20
43 18 12
43 20 20
43 22 13
43 23 18
43 24 20
43 25 15
43 27 14
43 30 16
43 32 10
43 34 20
43 35 19
43 37 12
43 38 20
43 40 14
43 42 15
43 44 11
43 45 10
43 46 12
43 47 19
43 48 18
43 50 12
43 51 15
43 53 11
43 57 10
43 59 16
43 60 19
43 62 15
43 64 19
43 66 19
43 72 19
43 73 14
43 74 14
43 78 13
43 80 18
43 82 16
43 83 19
43 84 11
43 85 11
43 86 15
43 88 11
43 89 13
43 90 13
43 91 15
43 93 15
43 94 14
43 96 14
43 98 14
43 99 17
44 1 12
44 2 18
44 3 15
44 4 12
44 5 12
44 6 19
44 7 11
44 9 17
44 11 20
44 12 15
44 13 16
44 15 15
44 16 17
44 17 19
44 18 12
44 22 18
44 26 11
44 28 11
44 30 19
44 31 15
44 33 15
44 34 12
44 36 20
44 38 16
44 39 15
44 40 20
44 41 14
44 42 10
44 43 11
44 45 19
44 46 20
44 47 20
44 48 14
44 49 15
44 50 16
44 51 15
44 53 10
44 54 17
44 55 12
44 57 10
44 58 17
44 59 19
44 60 11
44 61 13
44 62 10
44 64 19
44 65 16
44 66 16
44 68 15
44 69 18
44 70 10
44 71 13
44 72 14
44 73 14
44 74 19
44 75 20
44 77 14
44 78 13
44 80 18
44 81 11
44 82 13
44 83 11
44 84 20
44 85 14
44 86 17
44 87 18
44 90 16
44 91 10
44 92 19
44 93 10
44 94 10
44 95 10
44 97 12
44 98 10
45 1 15
45 2 20
45 4 10
45 5 17
45 6 19
45 7 15
45 8 17
45 10 11
45 11 18
45 12 12
45 14 19
45 15 14
45 16 11
45 17 17
45 18 18
45 19 15
45 21 13
45 23 11
45 24 19
45 25 10
45 26 17
45 27 13
45 28 18
45 29 20
45 31 10
45 33 16
45 34 17
45 35 15
45 36 19
45 37 11
45 40 14
45 41 14
45 43 10
45 44 19
45 46 16
45 47 18
45 49 13
45 51 14
45 52 15
45 53 12
45 54 12
45 56 11
45 57 19
45 58 11
45 60 20
45 63 11
45 64 20
45 65 16
45 66 13
45 67 10
45 68 20
45 69 12
45 71 10
45 74 15
45 75 18
45 76 12
45 77 11
45 78 15
45 79 10
45 80 15
45 84 19
45 87 19
45 88 11
45 89 12
45 91 12
45 92 14
45 93 11
45 94 19
45 95 20
45 98 14
45 99 14
46 1 18
46 2 10
46 3 14
46 4 15
46 5 17
46 7 10
46 10 20
46 11 16
46 12 10
46 13 12
46 14 18
46 15 18
46 17 10
46 18 13
46 21 19
46 24 16
46 25 16
46 26 14
46 28 18
46 29 19
46 31 16
46 32 10
46 34 19
46 36 15
46 37 19
46 38 16
46 40 10
46 41 18
46 43 12
46 44 20
46 45 16
46 47 12
46 48 15
46 49 13
46 51 18
46 53 10
46 55 11
46 56 12
46 58 20
46 61 10
46 63 13
46 64 12
46 65 11
46 66 13
46 67 18
46 68 11
46 69 14
46 70 14
46 71 17
46 72 11
46 74 13
46 78 20
46 79 15
46 80 19
46 81 15
46 84 20
46 85 17
46 86 20
46 88 12
46 89 15
46 90 10
46 91 20
46 92 10
46 94 15
46 95 17
46 96 18
46 97 10
46 99 10
47 1 10
47 2 17
47 4 18
47 6 12
47 7 11
47 8 16
47 10 20
47 12 17
47 13 15
47 14 17
47 15 16
47 17 13
47 18 15
47 19 17
47 20 14
47 21 18
47 22 16
47 23 16
47 24 16
47 25 18
47 27 19
47 28 15
47 29 12
47 30 16
47 33 12
47 34 19
47 35 13
47 37 12
47 38 15
47 39 13
47 40 19
47 41 14
47 42 13
47 43 19
47 44 20
47 45 18
47 46 12
47 48 20
47 49 13
47 51 19
47 52 18
47 53 12
47 54 11
47 55 15
47 56 10
47 57 14
47 58 14
47 60 14
47 61 18
47 62 12
47 63 20
47 66 13
47 67 20
47 68 15
47 69 11
47 71 10
47 73 11
47 76 17
47 77 20
47 79 17
47 81 15
47 82 12
47 83 15
47 84 17
47 85 13
47 86 14
47 87 15
47 88 10
47 89 17
47 90 12
47 91 12
47 92 10
47 94 11
47 95 14
47 97 14
47 98 17
47 99 15
48 1 17
48 2 13
48 3 12
48 4 19
48 5 11
48 6 11
48 7 13
48 10 11
48 12 20
48 14 15
48 15 12
48 18 20
48 20 11
48 21 10
48 24 17
48 25 20
48 26 18
48 27 17
48 29 14
48 30 14
48 31 18
48 32 13
48 33 12
48 34 19
48 35 17
48 36 11
48 37 13
48 38 13
48 40 11
48 43 18
48 44 14
48 46 15
48 47 20
48 50 13
48 52 14
48 54 17
48 56 10
48 57 19
48 58 11
48 59 11
48 60 19
48 61 17
48 62 13
48 63 13
48 64 10
48 65 16
48 66 14
48 67 15
48 69 20
48 71 11
48 72 15
48 73 17
48 74 13
48 76 12
48 79 18
48 80 17
48 81 18
48 84 11
48 86 10
48 87 18
48 88 19
48 90 17
48 92 17
48 94 19
48 95 19
48 96 16
48 97 10
48 98 15
49 1 11
49 2 14
49 3 12
49 4 13
49 5 19
49 7 15
49 8 17
49 9 13
49 10 12
49 11 12
49 12 17
49 13 14
49 14 11
49 15 13
49 16 15
49 17 10
49 18 15
49 19 11
49 20 15
49 21 15
49 23 15
49 24 10
49 25 14
49 28 13
49 29 17
49 30 17
49 31 11
49 33 13
49 35 10
49 36 18
49 37 15
49 38 15
49 39 11
49 40 12
49 42 13
49 44 15
49 45 13
49 46 13
49 47 13
49 50 14
49 51 14
49 53 18
49 55 16
49 57 17
49 58 20
49 60 20
49 61 14
49 62 10
49 63 16
49 64 13
49 65 11
49 67 19
49 68 19
49 69 14
49 70 17
49 72 15
49 73 13
49 74 10
49 75 19
49 76 14
49 77 20
49 78 17
49 83 11
49 85 17
49 87 17
49 88 10
49 90 10
49 91 12
49 92 16
49 93 10
49 95 18
49 96 15
49 98 13
49 99 13
50 1 12
50 2 16
50 3 18
50 4 12
50 5 10
50 6 17
50 7 17
50 8 16
50 11 15
50 12 20
50 13 20
50 14 10
50 15 13
50 16 19
50 18 15
50 20 14
50 21 13
50 22 15
50 23 10
50 25 12
50 26 13
50 27 10
50 28 11
50 29 20
50 30 19
50 31 13
50 32 18
50 33 12
50 34 18
50 35 15
50 36 16
50 37 16
50 38 13
50 39 13
50 40 12
50 43 12
50 44 16
50 48 13
50 49 14
50 51 10
50 52 11
50 55 20
50 56 10
50 58 12
50 59 10
50 60 13
50 61 10
50 62 12
50 63 11
50 64 12
50 65 15
50 66 10
50 67 20
50 68 17
50 69 18
50 72 18
50 73 10
50 74 14
50 75 14
50 76 13
50 79 12
50 80 11
50 83 12
50 85 17
50 86 14
50 87 11
50 88 10
50 95 17
50 97 19
50 98 12
50 99 11
51 1 14
51 3 20
51 5 18
51 6 17
51 10 19
51 11 16
51 12 11
51 14 18
51 15 11
51 16 16
51 17 18
51 18 13
51 19 20
51 20 10
51 22 17
51 23 13
51 25 17
51 26 17
51 27 18
51 29 13
51 31 18
51 34 19
51 35 11
51 39 10
51 40 12
51 41 15
51 42 18
51 43 15
51 44 15
51 45 14
51 46 18
51 47 19
51 49 14
51 50 10
51 54 20
51 55 13
51 57 11
51 59 20
51 60 18
51 62 14
51 66 10
51 67 11
51 69 20
51 71 12
51 74 10
51 76 19
51 77 18
51 78 16
51 79 14
51 81 18
51 82 10
51 83 19
51 84 17
51 85 10
51 86 19
51 87 18
51 89 19
51 90 16
51 91 18
51 92 18
51 93 15
51 94 14
51 95 10
51 96 19
51 97 12
51 98 19
51 99 13
52 5 19
52 6 15
52 9 17
52 10 14
52 11 19
52 12 20
52 13 17
52 15 15
52 16 11
52 17 18
52 18 14
52 20 15
52 21 15
52 22 11
52 23 13
52 25 16
52 26 10
52 28 19
52 30 14
52 31 10
52 32 20
52 33 12
52 38 15
52 39 18
52 40 14
52 41 10
52 42 16
52 45 15
52 47 18
52 48 14
52 50 11
52 55 15
52 58 14
52 59 13
52 60 20
52 61 19
52 62 12
52 63 15
52 64 20
52 66 17
52 67 12
52 68 18
52 71 17
52 74 16
52 76 11
52 77 13
52 79 20
52 81 19
52 82 17
52 85 18
52 86 10
52 87 12
52 90 14
52 94 17
52 95 10
52 96 18
52 97 13
53 1 14
53 2 12
53 5 16
53 6 17
53 8 10
53 9 18
53 10 18
53 11 17
53 12 17
53 16 13
53 18 12
53 19 14
53 20 12
53 21 13
53 22 17
53 25 13
53 26 12
53 27 18
53 28 12
53 30 10
53 31 12
53 32 15
53 35 17
53 36 17
53 41 10
53 42 10
53 43 11
53 44 10
53 45 12
53 46 10
53 47 12
53 49 18
53 54 14
53 55 12
53 56 18
53 59 12
53 63 19
53 64 18
53 65 14
53 66 19
53 68 11
53 69 10
53 70 16
53 73 18
53 74 18
53 75 18
53 76 11
53 77 16
53 78 18
53 79 14
53 80 16
53 81 18
53 84 11
53 85 19
53 86 13
53 89 14
53 90 16
53 92 12
53 93 15
53 95 16
53 98 17
54 1 18
54 2 12
54 3 15
54 4 20
54 7 11
54 9 18
54 10 19
54 11 18
54 12 16
54 13 20
54 14 11
54 15 11
54 16 16
54 17 14
54 18 17
54 19 11
54 21 10
54 22 18
54 23 14
54 24 20
54 25 16
54 26 17
54 27 15
54 28 19
54 29 18
54 30 16
54 31 18
54 32 18
54 33 15
54 34 12
54 36 18
54 37 14
54 40 19
54 42 19
54 44 17
54 45 12
54 47 11
54 48 17
54 51 20
54 53 14
54 56 18
54 57 16
54 58 10
54 59 12
54 60 20
54 61 18
54 62 20
54 63 16
54 64 11
54 67 11
54 68 18
54 69 12
54 70 16
54 71 15
54 72 12
54 73 19
54 74 12
54 75 16
54 77 11
54 78 11
54 81 14
54 82 14
54 83 19
54 84 19
54 85 12
54 86 17
54 87 14
54 88 16
54 89 15
54 90 20
54 91 15
54 92 10
54 93 19
54 94 10
54 95 12
54 96 16
54 97 12
54 98 14
54 99 18
55 1 14
55 3 15
55 4 14
55 5 13
55 6 18
55 7 11
55 10 20
55 12 13
55 13 19
55 14 13
55 15 10
55 16 20
55 17 17
55 19 14
55 21 12
55 25 15
55 27 17
55 29 20
55 32 15
55 33 18
55 34 11
55 35 16
55 36 16
55 38 11
55 39 11
55 44 12
55 46 11
55 47 15
55 49 16
55 50 20
55 51 13
55 52 15
55 53 12
55 56 11
55 57 15
55 58 11
55 59 19
55 60 14
55 61 16
55 63 17
55 64 19
55 65 13
55 66 13
55 67 12
55 70 12
55 71 17
55 72 17
55 75 16
55 76 14
55 77 20
55 78 20
55 79 19
55 80 16
55 81 12
55 82 14
55 85 15
55 86 19
55 88 17
55 90 18
55 92 20
55 93 16
55 94 12
55 95 11
55 97 11
55 98 13
56 1 14
56 4 10
56 5 12
56 8 10
56 10 15
56 11 19
56 12 17
56 13 10
56 14 14
56 15 19
56 16 14
56 17 12
56 18 12
56 19 11
56 20 19
56 22 13
56 23 16
56 24 15
56 25 14
56 26 16
56 27 13
56 28 12
56 31 12
56 32 19
56 33 16
56 34 18
56 35 18
56 37 10
56 38 13
56 40 15
56 41 15
56 45 11
56 46 12
56 47 10
56 48 10
56 50 10
56 53 18
56 54 18
56 55 11
56 57 18
56 58 12
56 59 15
56 60 11
56 61 11
56 62 20
56 63 18
56 64 15
56 66 16
56 67 15
56 70 12
56 71 16
56 72 17
56 73 14
56 74 18
56 76 19
56 77 19
56 78 10
56 79 11
56 80 17
56 81 10
56 82 10
56 83 11
56 84 17
56 85 12
56 87 18
56 88 12
56 91 13
56 92 19
56 94 11
56 95 10
56 96 13
56 97 11
56 98 17
56 99 15
57 1 19
57 2 18
57 4 19
57 7 19
57 8 12
57 9 18
57 10 12
57 11 20
57 13 17
57 16 18
57 18 18
57 19 18
57 20 16
57 22 12
57 24 17
57 25 17
57 26 11
57 27 13
57 28 14
57 29 13
57 31 19
57 32 10
57 33 15
57 34 12
57 35 18
57 37 11
57 39 13
57 40 13
57 42 19
57 43 10
57 44 10
57 45 19
57 47 14
57 48 19
57 49 17
57 51 11
57 54 16
57 55 15
57 56 18
57 59 20
57 60 18
57 61 15
57 62 13
57 63 15
57 65 13
57 66 20
57 67 16
57 68 19
57 69 14
57 70 20
57 74 11
57 76 12
57 79 12
57 80 11
57 81 11
57 82 10
57 85 15
57 86 14
57 87 19
57 88 14
57 89 18
57 94 20
57 98 12
57 99 10
58 2 17
58 3 20
58 10 19
58 11 11
58 12 16
58 14 13
58 16 14
58 17 20
58 18 16
58 20 19
58 21 13
58 23 15
58 24 11
58 27 13
58 28 13
58 29 10
58 30 15
58 33 18
58 34 19
58 37 13
58 38 17
58 39 13
58 40 18
58 41 12
58 42 19
58 44 17
58 45 11
58 46 20
58 47 14
58 48 11
58 49 20
58 50 12
58 52 14
58 54 10
58 55 11
58 56 12
58 59 16
58 60 14
58 62 20
58 63 18
58 65 13
58 67 20
58 68 11
58 69 18
58 70 12
58 71 17
58 72 17
58 73 10
58 74 20
58 76 15
58 77 13
58 78 20
58 79 20
58 80 10
58 81 11
58 83 19
58 84 20
58 86 12
58 87 20
58 89 10
58 90 13
58 91 15
58 92 17
58 94 15
58 95 10
58 97 19
58 98 14
58 99 11
59 1 12
59 2 20
59 3 10
59 4 11
59 5 14
59 7 18
59 8 20
59 9 14
59 10 14
59 12 20
59 14 10
59 15 12
59 17 11
59 18 18
59 19 17
59 20 12
59 24 14
59 25 14
59 26 19
59 29 17
59 31 11
59 32 13
59 34 13
59 35 10
59 36 13
59 38 20
59 39 14
59 41 10
59 42 15
59 43 16
59 44 19
59 48 11
59 50 10
59 51 20
59 52 13
59 53 12
59 54 12
59 55 19
59 56 15
59 57 20
59 58 16
59 60 14
59 61 13
59 64 15
59 65 10
59 67 13
59 68 14
59 70 19
59 73 20
59 74 19
59 75 16
59 77 14
59 78 19
59 79 10
59 80 11
59 81 20
59 83 16
59 84 19
59 85 16
59 86 14
59 87 16
59 88 12
59 89 10
59 90 18
59 92 16
59 95 11
59 96 20
59 98 19
60 2 10
60 3 19
60 4 10
60 5 17
60 6 17
60 7 14
60 9 12
60 10 15
60 11 16
60 12 19
60 14 13
60 16 19
60 17 14
60 18 19
60 19 16
60 20 18
60 21 19
60 22 15
60 24 11
60 26 15
60 27 16
60 29 15
60 33 14
60 35 12
60 36 19
60 38 14
60 39 11
60 40 16
60 41 18
60 42 11
60 43 19
60 44 11
60 45 20
60 47 14
60 48 19
60 49 20
60 50 13
60 51 18
60 52 20
60 54 20
60 55 14
60 56 11
60 57 18
60 58 14
60 59 14
60 61 10
60 63 15
60 65 19
60 66 20
60 67 12
60 68 18
60 69 18
60 70 19
60 71 14
60 72 16
60 73 10
60 74 15
60 75 16
60 76 19
60 77 20
60 80 16
60 81 17
60 83 11
60 84 16
60 85 15
60 87 19
60 88 20
60 90 14
60 91 13
60 93 19
60 94 16
60 95 13
60 96 14
60 97 13
60 98 20
61 2 11
61 4 14
61 5 12
61 6 15
61 7 13
61 8 13
61 10 14
61 11 20
61 12 19
61 14 10
61 15 10
61 16 12
61 22 15
61 23 15
61 25 10
61 27 20
61 28 20
61 29 15
61 30 19
61 35 13
61 36 17
61 37 16
61 38 13
61 40 17
61 41 18
61 42 13
61 44 13
61 46 10
61 47 18
61 48 17
61 49 14
61 50 10
61 52 19
61 54 18
61 55 16
61 56 11
61 57 15
61 59 13
61 60 10
61 62 16
61 63 20
61 65 15
61 66 19
61 67 11
61 68 13
61 69 11
61 70 13
61 71 17
61 72 20
61 73 18
61 74 14
61 75 11
61 76 18
61 78 17
61 79 16
61 83 17
61 84 14
61 86 17
61 87 18
61 89 11
61 90 18
61 91 17
61 92 14
61 95 16
61 96 10
62 2 10
62 3 17
62 4 11
62 5 16
62 6 16
62 8 15
62 10 11
62 13 11
62 14 15
62 16 16
62 17 16
62 19 13
62 21 12
62 24 19
62 25 10
62 27 11
62 28 18
62 29 12
62 31 12
62 32 14
62 33 11
62 35 17
62 36 13
62 37 13
62 38 16
62 39 20
62 41 13
62 43 15
62 44 10
62 47 12
62 48 13
62 49 10
62 50 12
62 51 14
62 52 12
62 54 20
62 56 20
62 57 13
62 58 20
62 61 16
62 64 16
62 66 19
62 67 11
62 68 16
62 69 19
62 70 10
62 71 19
62 72 19
62 74 10
62 75 18
62 76 13
62 77 16
62 78 16
62 79 17
62 81 16
62 82 18
62 83 10
62 87 17
62 88 19
62 89 11
62 91 19
62 92 12
62 93 14
62 94 10
62 96 12
62 97 20
62 98 10
62 99 12
63 1 11
63 3 12
63 4 15
63 6 16
63 7 14
63 10 20
63 11 17
63 12 14
63 13 18
63 14 19
63 16 15
63 17 17
63 18 11
63 20 12
63 21 12
63 22 14
63 23 13
63 24 20
63 25 20
63 28 17
63 29 17
63 30 16
63 31 18
63 33 18
63 34 12
63 35 19
63 36 11
63 37 16
63 39 10
63 40 15
63 41 20
63 42 13
63 45 11
63 46 13
63 47 20
63 48 13
63 49 16
63 50 11
63 52 15
63 53 19
63 54 16
63 55 17
63 56 18
63 57 15
63 58 18
63 60 15
63 61 20
63 64 14
63 66 19
63 67 17
63 68 20
63 69 19
63 70 19
63 71 20
63 72 19
63 73 10
63 74 20
63 75 16
63 76 10
63 78 15
63 79 15
63 80 20
63 81 18
63 82 18
63 83 10
63 84 14
63 85 20
63 86 11
63 87 17
63 88 13
63 89 20
63 92 13
63 93 15
63 95 19
63 96 20
63 97 12
63 98 13
63 99 11
64 2 13
64 3 19
64 4 13
64 6 19
64 7 10
64 9 12
64 10 19
64 11 10
64 12 10
64 13 19
64 14 16
64 15 12
64 16 20
64 17 19
64 18 14
64 19 20
64 21 11
64 22 19
64 25 10
64 26 12
64 28 10
64 29 17
64 30 11
64 32 12
64 36 19
64 37 13
64 38 10
64 39 15
64 41 17
64 43 19
64 44 19
64 45 20
64 46 12
64 48 10
64 49 13
64 50 12
64 52 20
64 53 18
64 54 11
64 55 19
64 56 15
64 59 15
64 62 16
64 63 14
64 66 17
64 67 20
64 71 12
64 72 19
64 74 16
64 75 10
64 76 15
64 77 19
64 78 14
64 81 16
64 83 17
64 85 10
64 86 12
64 87 17
64 88 14
64 89 15
64 91 11
64 92 19
64 96 19
64 97 17
64 98 20
64 99 10
65 1 11
65 2 11
65 3 18
65 5 16
65 9 11
65 10 19
65 12 16
65 13 16
65 14 11
65 16 11
65 17 10
65 18 19
65 20 17
65 22 14
65 24 12
65 26 14
65 27 20
65 29 10
65 30 19
65 31 17
65 32 10
65 34 13
65 35 17
65 36 10
65 37 12
65 38 15
65 39 14
65 40 10
65 41 20
65 42 19
65 44 16
65 45 16
65 46 11
65 48 16
65 49 11
65 50 15
65 53 14
65 55 13
65 57 13
65 58 13
65 59 10
65 60 19
65 61 15
65 66 11
65 69 20
65 70 17
65 72 16
65 73 11
65 74 11
65 76 15
65 77 18
65 79 17
65 82 20
65 83 18
65 84 20
65 85 17
65 86 16
65 87 19
65 90 17
65 91 15
65 92 20
65 93 10
65 94 17
65 97 20
65 98 15
65 99 19
66 1 15
66 2 17
66 3 11
66 4 19
66 5 12
66 6 13
66 7 19
66 8 11
66 9 15
66 12 12
66 13 20
66 14 16
66 15 14
66 16 16
66 17 15
66 18 15
66 19 11
66 20 12
66 21 14
66 22 10
66 23 17
66 24 10
66 25 10
66 27 18
66 31 20
66 32 11
66 33 14
66 35 14
66 36 11
66 37 14
66 40 16
66 41 16
66 42 16
66 43 19
66 44 16
66 45 13
66 46 13
66 47 13
66 48 14
66 50 10
66 51 10
66 52 17
66 53 19
66 55 13
66 56 16
66 57 20
66 60 20
66 61 19
66 62 19
66 63 19
66 64 17
66 65 11
66 67 12
66 69 15
66 70 11
66 73 15
66 74 10
66 75 12
66 76 20
66 77 16
66 78 16
66 79 13
66 81 19
66 82 20
66 83 15
66 84 12
66 85 20
66 86 13
66 89 12
66 90 18
66 91 12
66 92 13
66 94 14
66 95 20
66 96 16
66 97 15
66 98 12
66 99 12
67 1 10
67 4 11
67 6 18
67 7 19
67 13 18
67 14 15
67 20 15
67 21 10
67 22 16
67 24 14
67 26 16
67 27 17
67 30 10
67 31 11
67 32 12
67 33 10
67 34 18
67 36 18
67 37 12
67 38 19
67 40 14
67 42 13
67 45 10
67 46 18
67 47 20
67 48 15
67 49 19
67 50 20
67 51 11
67 52 12
67 54 11
67 55 12
67 56 15
67 57 16
67 58 20
67 59 13
67 60 12
67 61 11
67 62 11
67 63 17
67 64 20
67 66 12
67 68 15
67 69 16
67 70 11
67 71 15
67 72 12
67 74 20
67 75 11
67 76 12
67 77 13
67 79 18
67 80 17
67 81 17
67 82 11
67 83 19
67 85 20
67 87 17
67 90 11
67 92 20
67 93 11
67 95 20
67 97 15
68 1 13
68 2 14
68 3 16
68 4 16
68 5 15
68 7 12
68 8 16
68 9 18
68 10 18
68 11 14
68 12 17
68 13 18
68 14 12
68 15 18
68 16 15
68 18 17
68 20 14
68 21 12
68 22 14
68 23 12
68 25 16
68 26 16
68 27 15
68 29 20
68 31 15
68 32 17
68 33 10
68 34 17
68 37 16
68 38 12
68 39 17
68 40 12
68 44 15
68 45 20
68 46 11
68 47 15
68 49 19
68 50 17
68 52 18
68 53 11
68 54 18
68 57 19
68 58 11
68 59 14
68 60 18
68 61 13
68 62 16
68 63 20
68 67 15
68 72 16
68 74 15
68 75 17
68 76 20
68 77 16
68 78 19
68 80 11
68 81 19
68 82 15
68 83 15
68 85 19
68 86 18
68 87 16
68 88 10
68 90 13
68 91 17
68 92 15
68 93 18
68 96 20
68 97 13
68 98 18
69 1 10
69 3 16
69 4 11
69 5 19
69 6 20
69 8 11
69 10 10
69 15 14
69 16 19
69 17 13
69 18 16
69 19 15
69 20 12
69 21 12
69 22 11
69 23 20
69 25 13
69 26 19
69 27 19
69 29 13
69 30 12
69 31 11
69 33 20
69 34 11
69 38 14
69 39 20
69 40 12
69 41 20
69 42 10
69 44 18
69 45 12
69 46 14
69 47 11
69 48 20
69 49 14
69 50 18
69 51 20
69 53 10
69 54 12
69 57 14
69 58 18
69 60 18
69 61 11
69 62 19
69 63 19
69 65 20
69 66 15
69 67 16
69 70 10
69 71 15
69 72 18
69 73 16
69 75 20
69 76 11
69 78 15
69 79 19
69 80 10
69 81 19
69 82 10
69 83 20
69 84 20
69 85 14
69 87 17
69 88 19
69 89 10
69 90 14
69 91 17
69 92 12
69 95 15
69 96 10
69 97 11
69 99 12
70 1 11
70 2 18
70 5 20
70 7 14
70 8 10
70 11 14
70 12 10
70 13 16
70 15 11
70 16 15
70 19 18
70 22 14
70 23 17
70 26 12
70 27 18
70 28 15
70 30 15
70 31 15
70 34 10
70 35 13
70 36 15
70 37 11
70 39 20
70 41 14
70 44 10
70 46 14
70 49 17
70 53 16
70 54 16
70 55 12
70 56 12
70 57 20
70 58 12
70 59 19
70 60 19
70 61 13
70 62 10
70 63 19
70 65 17
70 66 11
70 67 11
70 69 10
70 71 14
70 73 20
70 74 13
70 75 12
70 77 20
70 78 13
70 80 11
70 81 19
70 82 18
70 83 16
70 85 16
70 87 20
70 89 20
70 90 16
70 91 14
70 92 10
70 93 18
70 94 18
70 95 11
70 96 16
70 97 17
70 98 10
70 99 14
71 1 17
71 2 10
71 3 15
71 4 19
71 5 10
71 6 16
71 7 12
71 9 14
71 10 13
71 11 10
71 12 18
71 16 12
71 18 17
71 19 18
71 21 14
71 22 13
71 24 16
71 26 19
71 27 17
71 28 17
71 29 12
71 31 12
71 32 14
71 33 17
71 35 15
71 36 14
71 38 11
71 39 10
71 40 14
71 41 20
71 42 14
71 44 13
71 45 10
71 46 17
71 47 10
71 48 11
71 51 12
71 52 17
71 54 15
71 55 17
71 56 16
71 58 17
71 60 14
71 61 17
71 62 19
71 63 20
71 64 12
71 67 15
71 69 15
71 70 14
71 73 19
71 74 13
71 76 18
71 77 20
71 81 16
71 82 11
71 83 13
71 84 17
71 85 15
71 86 13
71 88 17
71 90 17
71 91 19
71 92 11
71 94 13
71 96 16
71 97 16
71 98 10
72 1 12
72 2 16
72 3 10
72 4 10
72 5 15
72 6 20
72 7 19
72 8 15
72 10 16
72 12 20
72 13 18
72 14 13
72 15 17
72 16 17
72 17 19
72 18 20
72 21 15
72 22 18
72 24 11
72 25 10
72 26 11
72 27 10
72 28 19
72 30 12
72 31 19
72 34 20
72 35 12
72 36 18
72 38 13
72 39 19
72 40 20
72 41 18
72 42 11
72 43 19
72 44 14
72 46 11
72 48 15
72 49 15
72 50 18
72 54 12
72 55 17
72 56 17
72 58 17
72 60 16
72 61 20
72 62 19
72 63 19
72 64 19
72 65 16
72 67 12
72 68 16
72 69 18
72 73 20
72 75 16
72 77 17
72 78 16
72 80 15
72 81 17
72 82 15
72 83 17
72 84 11
72 85 17
72 86 12
72 87 13
72 91 16
72 92 14
72 94 15
72 95 19
72 97 19
72 99 15
73 2 14
73 3 19
73 5 15
73 6 19
73 7 12
73 8 20
73 10 13
73 12 13
73 15 13
73 16 16
73 18 18
73 19 18
73 20 20
73 21 12
73 22 12
73 23 17
73 24 12
73 25 12
73 26 10
73 27 12
73 30 14
73 31 12
73 32 13
73 33 19
73 34 14
73 35 10
73 36 14
73 41 11
73 43 14
73 44 14
73 47 11
73 48 17
73 49 13
73 50 10
73 53 18
73 54 19
73 56 14
73 58 10
73 59 20
73 60 10
73 61 18
73 63 10
73 65 11
73 66 15
73 69 16
73 70 20
73 71 19
73 72 20
73 75 16
73 76 11
73 78 12
73 79 15
73 80 14
73 81 10
73 83 12
73 84 19
73 85 17
73 86 12
73 87 17
73 88 12
73 89 20
73 91 15
73 92 18
73 94 19
73 95 20
73 96 16
73 99 20
74 1 15
74 2 10
74 4 12
74 6 13
74 7 10
74 8 16
74 9 12
74 11 11
74 14 16
74 15 15
74 16 11
74 18 18
74 20 12
74 23 17
74 24 20
74 25 10
74 26 10
74 28 14
74 29 16
74 30 13
74 31 20
74 32 14
74 33 12
74 34 16
74 35 20
74 36 20
74 37 17
74 38 17
74 39 10
74 40 17
74 42 19
74 43 14
74 44 19
74 45 15
74 46 13
74 48 13
74 49 10
74 50 14
74 51 10
74 52 16
74 53 18
74 54 12
74 56 18
74 57 11
74 58 20
74 59 19
74 60 15
74 61 14
74 62 10
74 63 20
74 64 16
74 65 11
74 66 10
74 67 20
74 68 15
74 70 13
74 71 13
74 76 18
74 80 11
74 82 11
74 83 12
74 84 15
74 86 15
74 87 14
74 88 16
74 92 13
74 95 19
74 96 11
74 97 17
74 98 10
74 99 19
75 1 16
75 3 10
75 4 19
75 5 10
75 9 15
75 11 11
75 12 12
75 15 13
75 16 17
75 18 16
75 19 10
75 21 12
75 22 14
75 23 12
75 24 15
75 25 20
75 26 11
75 27 19
75 28 18
75 29 14
75 30 10
75 31 14
75 34 19
75 35 17
75 36 12
75 37 17
75 38 16
75 39 11
75 40 17
75 42 18
75 44 20
75 45 18
75 49 19
75 50 14
75 53 18
75 54 16
75 55 16
75 59 16
75 60 16
75 61 11
75 62 18
75 63 16
75 64 10
75 66 12
75 67 11
75 68 17
75 69 20
75 70 12
75 72 16
75 73 16
75 76 14
75 78 20
75 79 14
75 81 11
75 83 12
75 84 10
75 85 14
75 86 20
75 87 16
75 89 10
75 90 20
75 92 17
75 93 12
75 94 15
75 96 11
75 97 11
75 98 15
75 99 13
76 1 10
76 2 15
76 4 19
76 6 12
76 9 16
76 11 18
76 12 15
76 14 13
76 16 16
76 17 15
76 18 10
76 19 15
76 20 10
76 21 14
76 22 19
76 24 20
76 27 11
76 28 10
76 31 15
76 32 19
76 34 18
76 35 10
76 36 15
76 37 16
76 39 10
76 41 20
76 42 10
76 45 12
76 47 17
76 48 12
76 49 14
76 50 13
76 51 19
76 52 11
76 53 11
76 55 14
76 56 19
76 57 12
76 58 15
76 60 19
76 61 18
76 62 13
76 63 10
76 64 15
76 65 15
76 66 20
76 67 12
76 68 20
76 69 11
76 71 18
76 73 11
76 74 18
76 75 14
76 78 12
76 79 11
76 80 20
76 81 11
76 82 14
76 83 14
76 84 14
76 85 20
76 88 20
76 89 13
76 90 10
76 91 19
76 93 15
76 95 11
76 96 15
76 97 20
76 99 12
77 1 15
77 3 11
77 5 10
77 6 10
77 7 16
77 10 15
77 13 13
77 14 15
77 15 12
77 16 18
77 17 12
77 19 18
77 20 17
77 21 18
77 23 10
77 25 19
77 27 10
77 28 17
77 29 10
77 30 17
77 31 15
77 32 19
77 33 20
77 35 18
77 36 16
77 37 16
77 38 17
77 39 12
77 40 15
77 42 20
77 44 14
77 45 11
77 47 20
77 49 20
77 51 18
77 52 13
77 53 16
77 54 11
77 55 20
77 56 19
77 58 13
77 59 14
77 60 20
77 62 16
77 64 19
77 65 18
77 66 16
77 67 13
77 68 16
77 70 20
77 71 20
77 72 17
77 80 17
77 81 15
77 83 20
77 85 11
77 88 17
77 89 16
77 90 12
77 92 19
77 95 16
77 96 13
77 97 19
77 98 20
77 99 19
78 1 18
78 2 16
78 3 12
78 4 10
78 6 20
78 7 10
78 8 20
78 10 11
78 11 11
78 12 20
78 14 12
78 15 12
78 17 13
78 18 18
78 19 14
78 20 20
78 21 16
78 24 10
78 25 18
78 28 18
78 29 16
78 32 10
78 33 12
78 34 14
78 35 16
78 36 11
78 38 12
78 39 18
78 41 17
78 42 20
78 43 13
78 44 13
78 45 15
78 46 20
78 49 17
78 51 16
78 53 18
78 54 11
78 55 20
78 56 10
78 58 20
78 59 19
78 61 17
78 62 16
78 63 15
78 64 14
78 66 16
78 68 19
78 69 15
78 70 13
78 72 16
78 73 12
78 75 20
78 76 12
78 79 13
78 81 18
78 82 17
78 83 14
78 85 14
78 86 10
78 88 20
78 89 15
78 90 16
78 91 16
78 92 13
78 93 18
78 94 15
78 95 16
78 96 11
78 97 11
78 98 14
78 99 20
79 1 13
79 2 19
79 3 14
79 5 14
79 6 18
79 7 20
79 8 17
79 9 13
79 10 12
79 11 17
79 12 20
79 13 19
79 14 18
79 15 16
79 17 16
79 19 17
79 20 19
79 22 19
79 23 10
79 24 18
79 25 12
79 26 11
79 27 13
79 31 10
79 32 18
79 33 15
79 35 20
79 36 20
79 39 18
79 40 10
79 41 14
79 42 12
79 45 10
79 46 15
79 47 17
79 48 18
79 50 12
79 51 14
79 52 20
79 53 14
79 55 19
79 56 11
79 57 12
79 58 20
79 59 10
79 61 16
79 62 17
79 63 15
79 65 17
79 66 13
79 67 18
79 69 19
79 73 15
79 75 14
79 76 11
79 78 13
79 81 13
79 82 18
79 84 18
79 87 15
79 88 13
79 89 10
79 94 10
79 95 14
79 96 12
79 97 11
79 99 10
80 1 20
80 2 14
80 3 16
80 4 15
80 5 15
80 8 19
80 9 15
80 10 20
80 11 20
80 12 16
80 13 16
80 14 12
80 15 16
80 16 15
80 17 14
80 18 16
80 19 15
80 20 18
80 21 12
80 22 16
80 23 20
80 24 19
80 27 15
80 28 10
80 29 12
80 32 17
80 33 14
80 34 16
80 35 10
80 36 18
80 37 12
80 39 16
80 40 18
80 42 14
80 43 18
80 44 18
80 45 15
80 46 19
80 48 17
80 50 11
80 53 16
80 55 16
80 56 17
80 57 11
80 58 10
80 59 11
80 60 16
80 63 20
80 67 17
80 68 11
80 69 10
80 70 11
80 72 15
80 73 14
80 74 11
80 76 20
80 77 17
80 81 10
80 82 13
80 83 12
80 84 13
80 87 15
80 90 18
80 91 11
80 92 12
80 94 11
80 96 19
80 97 18
80 98 19
80 99 13
81 2 13
81 4 19
81 5 11
81 6 15
81 7 20
81 9 17
81 10 13
81 13 10
81 14 18
81 15 15
81 16 14
81 20 14
81 21 16
81 23 13
81 24 11
81 25 13
81 26 13
81 27 13
81 31 12
81 33 13
81 34 19
81 36 18
81 37 19
81 38 11
81 44 11
81 46 15
81 47 15
81 48 18
81 51 18
81 52 19
81 53 18
81 54 14
81 55 12
81 56 10
81 57 11
81 58 11
81 59 20
81 60 17
81 62 16
81 63 18
81 64 16
81 66 19
81 67 17
81 68 19
81 69 19
81 70 19
81 71 16
81 72 17
81 73 10
81 75 11
81 76 11
81 77 15
81 78 18
81 79 13
81 80 10
81 83 17
81 84 20
81 85 20
81 87 15
81 89 14
81 90 14
81 91 14
81 93 19
81 94 17
81 97 13
81 98 15
81 99 14
82 1 20
82 2 15
82 3 12
82 4 19
82 5 15
82 6 18
82 8 14
82 9 13
82 10 15
82 11 13
82 14 17
82 15 18
82 16 11
82 17 13
82 19 18
82 20 17
82 22 15
82 24 12
82 25 11
82 26 17
82 27 12
82 28 12
82 29 13
82 30 20
82 31 16
82 35 19
82 36 10
82 37 12
82 38 18
82 39 19
82 40 20
82 41 13
82 43 16
82 44 13
82 47 12
82 51 10
82 52 17
82 54 14
82 55 14
82 56 10
82 57 10
82 62 18
82 63 18
82 65 20
82 66 20
82 67 11
82 68 15
82 69 10
82 70 18
82 71 11
82 72 15
82 74 11
82 76 14
82 78 17
82 79 18
82 80 13
82 83 13
82 85 12
82 86 14
82 88 18
82 92 20
82 93 17
82 94 15
82 95 11
82 96 15
82 97 17
83 1 18
83 4 10
83 5 15
83 7 20
83 10 17
83 11 14
83 13 12
83 15 20
83 16 13
83 17 16
83 18 13
83 21 17
83 22 17
83 23 18
83 25 17
83 26 16
83 27 20
83 28 12
83 29 15
83 30 17
83 31 10
83 32 20
83 33 20
83 34 18
83 38 12
83 40 10
83 42 14
83 43 19
83 44 11
83 47 15
83 49 11
83 50 12
83 51 19
83 54 19
83 56 11
83 58 19
83 59 16
83 60 11
83 61 17
83 62 10
83 63 10
83 64 17
83 65 18
83 66 15
83 67 19
83 68 15
83 69 20
83 70 16
83 71 13
83 72 17
83 73 12
83 74 12
83 75 12
83 76 14
83 77 20
83 78 14
83 80 12
83 81 17
83 82 13
83 84 14
83 85 13
83 86 14
83 87 12
83 88 12
83 90 15
83 91 18
83 92 19
83 93 16
83 95 11
83 96 13
83 97 18
83 98 18
84 2 15
84 3 13
84 4 20
84 5 17
84 6 13
84 7 11
84 8 13
84 10 19
84 11 10
84 12 16
84 14 14
84 15 13
84 16 20
84 18 15
84 20 17
84 21 15
84 22 20
84 24 14
84 25 16
84 28 13
84 31 10
84 33 17
84 34 16
84 35 19
84 36 13
84 38 13
84 39 19
84 41 19
84 42 17
84 43 11
84 44 20
84 45 19
84 46 20
84 47 17
84 48 11
84 51 17
84 53 11
84 54 19
84 56 17
84 58 20
84 59 19
84 60 16
84 61 14
84 63 14
84 65 20
84 66 12
84 69 20
84 71 17
84 72 11
84 73 19
84 74 15
84 75 10
84 76 14
84 79 18
84 80 13
84 81 20
84 83 14
84 85 19
84 86 19
84 89 13
84 92 13
84 94 14
84 96 17
85 2 11
85 4 14
85 5 15
85 6 18
85 7 17
85 8 14
85 10 16
85 13 18
85 14 20
85 17 19
85 18 17
85 21 10
85 22 18
85 23 19
85 24 16
85 26 20
85 27 16
85 29 14
85 30 18
85 31 16
85 33 16
85 34 18
85 35 13
85 36 20
85 37 12
85 39 16
85 40 19
85 41 18
85 43 11
85 44 14
85 46 17
85 47 13
85 49 17
85 50 17
85 51 10
85 52 18
85 53 19
85 54 12
85 55 15
85 56 12
85 57 15
85 59 16
85 60 15
85 63 20
85 64 10
85 65 17
85 66 20
85 67 20
85 68 19
85 69 14
85 70 16
85 71 15
85 72 17
85 73 17
85 75 14
85 76 20
85 77 11
85 78 14
85 81 20
85 82 12
85 83 13
85 84 19
85 86 17
85 87 18
85 89 20
85 90 18
85 93 11
85 94 11
85 95 11
85 98 15
85 99 14
86 1 12
86 2 12
86 3 14
86 4 19
86 5 17
86 6 14
86 7 12
86 8 18
86 10 18
86 13 13
86 14 17
86 15 11
86 16 15
86 17 20
86 18 13
86 19 12
86 20 12
86 21 12
86 22 11
86 23 18
86 25 11
86 26 14
86 27 20
86 28 13
86 29 17
86 30 12
86 31 17
86 32 18
86 34 10
86 35 12
86 36 10
86 37 11
86 39 17
86 40 10
86 41 15
86 42 10
86 43 15
86 44 17
86 46 20
86 47 14
86 48 10
86 50 14
86 51 19
86 52 10
86 53 13
86 54 17
86 55 19
86 57 14
86 58 12
86 59 14
86 61 17
86 63 11
86 64 12
86 65 16
86 66 13
86 68 18
86 71 13
86 72 12
86 73 12
86 74 15
86 75 20
86 78 10
86 82 14
86 83 14
86 84 19
86 85 17
86 88 16
86 89 18
86 91 18
86 92 16
86 93 11
86 94 15
86 97 18
86 98 18
86 99 17
87 2 13
87 3 19
87 4 10
87 5 11
87 6 14
87 8 17
87 9 17
87 11 10
87 12 14
87 13 12
87 14 13
87 15 17
87 16 10
87 18 19
87 19 11
87 20 10
87 21 17
87 22 19
87 24 10
87 26 20
87 28 19
87 29 19
87 30 12
87 31 11
87 32 20
87 33 10
87 34 14
87 35 19
87 36 18
87 40 16
87 41 11
87 42 12
87 44 18
87 45 19
87 47 15
87 48 18
87 49 17
87 50 11
87 51 18
87 52 12
87 54 14
87 56 18
87 57 19
87 58 20
87 59 16
87 60 19
87 61 18
87 62 17
87 63 17
87 64 17
87 65 19
87 67 17
87 68 16
87 69 17
87 70 20
87 72 13
87 73 17
87 74 14
87 75 16
87 79 15
87 80 15
87 81 15
87 83 12
87 85 18
87 90 13
87 92 10
87 93 12
87 94 14
87 95 17
87 97 20
87 98 19
88 3 16
88 5 14
88 6 13
88 11 11
88 12 13
88 13 19
88 15 10
88 17 20
88 20 11
88 22 11
88 23 15
88 24 16
88 25 12
88 27 20
88 28 17
88 29 11
88 30 11
88 31 13
88 32 14
88 33 15
88 34 15
88 41 12
88 43 11
88 45 11
88 46 12
88 47 10
88 48 19
88 49 10
88 50 10
88 54 16
88 55 17
88 56 12
88 57 14
88 59 12
88 60 20
88 62 19
88 63 13
88 64 14
88 68 10
88 69 19
88 71 17
88 73 12
88 74 16
88 76 20
88 77 17
88 78 20
88 79 13
88 82 18
88 83 12
88 86 16
88 89 13
88 90 13
88 91 17
88 92 20
88 93 15
88 95 14
88 96 18
88 98 20
89 2 18
89 3 16
89 4 10
89 5 17
89 6 11
89 7 18
89 8 15
89 9 13
89 10 15
89 11 19
89 12 11
89 14 16
89 15 11
89 16 20
89 17 20
89 19 11
89 21 15
89 22 12
89 23 17
89 24 20
89 25 17
89 28 19
89 30 17
89 32 17
89 33 18
89 35 17
89 36 19
89 38 15
89 39 18
89 40 10
89 41 11
89 42 17
89 43 13
89 45 12
89 46 15
89 47 17
89 51 19
89 53 14
89 54 15
89 57 18
89 58 10
89 59 10
89 61 11
89 62 11
89 63 20
89 64 15
89 66 12
89 69 10
89 70 20
89 73 20
89 75 10
89 76 13
89 77 16
89 78 15
89 79 10
89 81 14
89 84 13
89 85 20
89 86 18
89 88 13
89 90 15
89 91 14
89 92 18
89 93 15
89 94 13
89 95 13
89 96 16
89 97 10
89 98 20
90 2 17
90 3 18
90 4 19
90 5 10
90 6 17
90 7 12
90 8 12
90 9 20
90 10 12
90 11 15
90 15 17
90 16 14
90 18 10
90 19 17
90 20 14
90 21 19
90 25 13
90 26 11
90 28 20
90 29 11
90 30 16
90 31 12
90 33 18
90 34 16
90 35 18
90 36 16
90 37 18
90 39 13
90 40 13
90 41 11
90 42 19
90 43 13
90 44 16
90 46 10
90 47 12
90 48 17
90 49 10
90 51 16
90 52 14
90 53 16
90 54 20
90 55 18
90 58 13
90 59 18
90 60 14
90 61 18
90 65 17
90 66 18
90 67 11
90 68 13
90 69 14
90 70 16
90 71 17
90 75 20
90 76 10
90 77 12
90 78 16
90 80 18
90 81 14
90 83 15
90 85 18
90 87 13
90 88 13
90 89 15
90 91 14
90 92 13
90 94 16
90 95 18
90 96 13
90 97 10
90 98 14
91 1 14
91 3 14
91 5 10
91 6 10
91 7 15
91 8 10
91 10 20
91 12 17
91 14 11
91 15 10
91 17 11
91 18 19
91 19 14
91 24 17
91 25 18
91 26 20
91 27 12
91 28 11
91 29 13
91 30 18
91 31 16
91 32 18
91 33 10
91 34 20
91 35 14
91 36 20
91 37 16
91 38 18
91 39 17
91 40 15
91 42 15
91 43 15
91 44 10
91 45 12
91 46 20
91 47 12
91 49 12
91 51 18
91 54 15
91 56 13
91 58 15
91 60 13
91 61 17
91 62 19
91 64 11
91 65 15
91 66 12
91 68 17
91 69 17
91 70 14
91 71 19
91 72 16
91 73 15
91 76 19
91 78 16
91 80 11
91 81 14
91 83 18
91 86 18
91 88 17
91 89 14
91 90 14
91 92 15
91 93 13
91 94 17
91 95 18
91 96 20
91 98 16
91 99 15
92 2 12
92 3 12
92 4 15
92 5 16
92 6 16
92 7 17
92 8 15
92 9 14
92 10 13
92 11 18
92 15 19
92 16 10
92 18 16
92 19 19
92 20 16
92 21 13
92 24 18
92 25 18
92 27 20
92 29 13
92 30 13
92 31 16
92 35 11
92 36 15
92 38 16
92 39 19
92 40 10
92 42 17
92 44 19
92 45 14
92 46 10
92 47 10
92 48 17
92 49 16
92 51 18
92 53 12
92 54 10
92 55 20
92 56 19
92 58 17
92 59 16
92 61 14
92 62 12
92 63 13
92 64 19
92 65 20
92 66 13
92 67 20
92 68 15
92 69 12
92 70 10
92 71 11
92 72 14
92 73 18
92 74 13
92 75 17
92 77 19
92 78 13
92 80 12
92 82 20
92 83 19
92 84 13
92 86 16
92 87 10
92 88 20
92 89 18
92 90 13
92 91 15
92 93 11
92 94 14
92 95 10
92 97 16
92 99 19
93 1 18
93 2 16
93 3 19
93 4 12
93 6 20
93 7 11
93 9 12
93 11 18
93 12 18
93 13 17
93 14 18
93 15 13
93 16 11
93 17 10
93 18 11
93 19 20
93 20 12
93 21 15
93 22 12
93 23 17
93 24 14
93 25 17
93 26 12
93 28 11
93 29 11
93 30 14
93 31 19
93 32 20
93 34 14
93 36 11
93 37 18
93 38 16
93 39 17
93 41 19
93 43 15
93 44 10
93 45 11
93 49 10
93 51 15
93 53 15
93 54 19
93 55 16
93 60 19
93 62 14
93 63 15
93 65 10
93 67 11
93 68 18
93 70 18
93 75 12
93 76 15
93 78 18
93 81 19
93 82 17
93 83 16
93 85 11
93 86 11
93 87 12
93 88 15
93 89 15
93 91 13
93 92 11
93 95 20
93 99 14
94 4 17
94 5 14
94 6 16
94 8 11
94 10 15
94 11 18
94 13 11
94 14 13
94 15 13
94 17 13
94 18 18
94 19 14
94 20 17
94 22 17
94 24 19
94 25 17
94 26 13
94 28 13
94 29 12
94 30 13
94 31 13
94 32 17
94 33 15
94 34 15
94 36 14
94 37 13
94 38 16
94 40 12
94 42 10
94 43 14
94 44 10
94 45 19
94 46 15
94 47 11
94 48 19
94 51 14
94 52 17
94 54 10
94 55 12
94 56 11
94 57 20
94 58 15
94 60 16
94 62 10
94 65 17
94 66 14
94 70 18
94 71 13
94 72 15
94 73 19
94 75 15
94 78 15
94 79 10
94 80 11
94 81 17
94 82 15
94 84 14
94 85 11
94 86 15
94 87 14
94 89 13
94 90 16
94 91 17
94 92 14
94 97 15
94 98 20
94 99 19
95 1 20
95 2 13
95 4 15
95 5 12
95 6 17
95 7 16
95 9 13
95 10 10
95 11 19
95 14 11
95 16 18
95 17 15
95 19 11
95 20 13
95 22 16
95 23 12
95 24 17
95 27 11
95 28 19
95 30 11
95 32 17
95 33 19
95 34 19
95 36 16
95 37 12
95 38 13
95 39 20
95 40 15
95 44 10
95 45 20
95 46 17
95 47 14
95 48 19
95 49 18
95 50 17
95 51 10
95 52 10
95 53 16
95 54 12
95 55 11
95 56 10
95 58 10
95 59 11
95 60 13
95 61 16
95 63 19
95 66 20
95 67 20
95 69 15
95 70 11
95 72 19
95 73 20
95 74 19
95 76 11
95 77 16
95 78 16
95 79 14
95 82 11
95 83 11
95 85 11
95 87 17
95 88 14
95 89 13
95 90 18
95 91 18
95 92 10
95 93 20
95 96 17
96 1 14
96 2 11
96 4 15
96 6 16
96 7 15
96 9 11
96 11 17
96 13 11
96 14 11
96 15 15
96 17 18
96 18 16
96 20 20
96 21 10
96 22 14
96 25 13
96 28 17
96 31 20
96 32 13
96 33 18
96 34 16
96 36 11
96 37 19
96 39 13
96 41 10
96 42 18
96 43 14
96 46 18
96 48 16
96 49 15
96 51 19
96 52 18
96 54 16
96 56 13
96 59 20
96 60 14
96 61 10
96 62 12
96 63 20
96 64 19
96 66 16
96 68 20
96 69 10
96 70 16
96 71 16
96 73 16
96 74 11
96 75 11
96 76 15
96 77 13
96 78 11
96 79 12
96 80 19
96 82 15
96 83 13
96 84 17
96 88 18
96 89 16
96 90 13
96 91 20
96 95 17
96 97 19
96 98 19
96 99 17
97 1 20
97 2 14
97 3 15
97 5 15
97 6 13
97 7 15
97 9 20
97 11 16
97 12 10
97 13 17
97 15 14
97 16 18
97 17 12
97 18 10
97 19 19
97 20 18
97 22 18
97 23 20
97 24 12
97 25 18
97 26 14
97 27 20
97 28 14
97 29 12
97 30 19
97 32 13
97 33 17
97 34 19
97 35 18
97 37 18
97 38 15
97 39 10
97 40 15
97 42 11
97 44 12
97 46 10
97 47 14
97 48 10
97 50 19
97 51 12
97 52 13
97 54 12
97 55 11
97 56 11
97 58 19
97 60 13
97 62 20
97 63 12
97 64 17
97 65 20
97 66 15
97 67 15
97 68 13
97 69 11
97 70 17
97 71 16
97 72 19
97 74 17
97 75 11
97 76 20
97 77 19
97 78 11
97 79 11
97 80 18
97 81 13
97 82 17
97 83 18
97 86 18
97 87 20
97 89 10
97 90 10
97 92 16
97 94 15
97 96 19
97 98 10
98 2 16
98 4 16
98 6 19
98 7 17
98 8 15
98 9 10
98 10 16
98 12 12
98 13 11
98 15 11
98 16 16
98 18 20
98 21 19
98 22 19
98 23 16
98 24 11
98 25 10
98 26 10
98 27 19
98 29 15
98 30 16
98 31 19
98 32 11
98 34 16
98 36 11
98 37 20
98 38 17
98 39 11
98 40 17
98 41 14
98 42 19
98 43 14
98 44 10
98 45 14
98 47 17
98 48 15
98 49 13
98 50 12
98 51 19
98 53 17
98 54 14
98 55 13
98 56 17
98 57 12
98 58 14
98 59 19
98 60 20
98 62 10
98 63 13
98 64 20
98 65 15
98 66 12
98 68 18
98 70 10
98 71 10
98 74 10
98 75 15
98 77 20
98 78 14
98 80 19
98 81 15
98 83 18
98 85 15
98 86 18
98 87 19
98 88 20
98 89 20
98 90 14
98 91 16
98 94 20
98 96 19
98 97 10
98 99 13
2 t 13
3 t 13
5 t 10
6 t 13
8 t 19
9 t 20
10 t 10
11 t 19
12 t 18
13 t 16
14 t 20
15 t 20
19 t 11
20 t 12
22 t 18
23 t 14
25 t 14
26 t 16
27 t 10
29 t 12
32 t 14
33 t 18
34 t 13
35 t 13
36 t 15
37 t 16
38 t 17
40 t 12
41 t 13
43 t 17
45 t 14
46 t 10
47 t 15
49 t 13
50 t 11
51 t 13
54 t 18
56 t 15
57 t 10
58 t 11
62 t 12
63 t 11
64 t 10
65 t 19
66 t 12
69 t 12
70 t 14
72 t 15
73 t 20
74 t 19
75 t 13
76 t 12
77 t 19
78 t 20
79 t 10
80 t 13
81 t 14
85 t 14
86 t 17
91 t 15
92 t 19
93 t 14
94 t 19
96 t 17
98 t 13
